-2.13 3.79 3.12 8.66 -8.56 -4.37 7.30 8.28 -3.92 8.42
4.15 -3.74 2.53 -1.56 -7.23 -0.64 1.07 5.73 -1.77 -9.67
-6.64 -7.39 9.59 1.63 -7.11 2.83 -7.89 9.91 -7.53 7.03
-8.41 -9.26 0.30 9.24 -2.18 5.83 7.31 7.87 3.72 -6.67
-5.96 7.66 -5.37 -8.92 -0.38 8.74 4.49 -0.47 -5.54 8.73
6.76 -8.95 5.69 3.96 5.47 5.89 -7.37 6.71 -9.75 5.01
8.04 8.98 7.73 0.12 -1.00 2.96 5.03 9.64 -4.97 5.09
-1.06 8.19 -0.48 1.27 0.38 6.79 -4.26 1.88 8.26 -9.71
0.88 7.23 -0.26 1.56 -2.02 -4.67 4.33 -5.92 9.93 -8.91
-5.58 2.17 -9.24 -6.47 -0.77 2.67 -3.29 -1.74 0.88 8.15
