9.63 2.63 1.16 -5.59 -8.04 3.69 9.42 -2.40 7.35 8.87 2.29 -6.74 -5.59 -2.63 7.90 0.45 -8.78 -4.66 -9.76 2.43 4.58 -0.71 2.23 -2.14 4.72 -5.33 9.82 5.46 -6.15 7.40 7.73 -0.95 4.15 -6.60 -0.13 -3.77 4.80 -4.99 2.29 -4.58 -7.74 9.25 6.24 3.93 8.90 0.39 -7.70 -7.54 -0.78 -0.13 -3.06 -1.41 1.33 -2.03 -4.63 7.53 7.00 -5.89 0.33 -6.76 1.70 8.60 3.23 -0.35 -3.07 -0.50 2.82 7.71 1.73 4.78 3.56 -5.15 9.43 -0.06 0.43 -4.32 -6.57 -5.44 0.08 2.66 1.84 5.83 8.98 -9.07 -1.72 -3.21 -1.68 9.70 -0.03 -5.61 6.57 8.14 1.49 3.33 6.06 9.84 8.66 -8.32 -4.79 -0.27
-1.42 2.67 -8.75 2.63 1.17 4.79 -9.05 1.99 8.82 8.14 0.67 1.31 7.59 -4.85 -8.58 9.51 6.94 0.56 -4.45 8.14 -8.22 -2.32 3.69 -5.01 -4.74 3.17 6.03 -6.06 -4.76 -0.76 -1.53 7.11 8.59 -7.19 -8.82 -9.28 7.85 -8.20 -7.74 3.01 -4.99 -8.93 -8.08 0.91 0.64 9.90 -2.66 9.70 -1.31 2.05 -9.53 -7.96 -3.83 -8.67 -5.90 2.69 -7.41 -9.82 -3.37 6.07 2.54 1.85 -4.12 5.96 4.58 4.35 -6.47 1.60 -1.28 -8.58 -4.04 -3.31 -8.53 -9.52 -1.10 3.81 5.26 7.41 2.53 3.74 3.26 8.15 1.80 -2.27 7.41 8.70 -0.96 4.13 -8.53 -7.69 -6.82 -8.05 0.62 8.76 -8.78 -0.11 4.18 -2.45 5.96 -5.47
-2.95 8.63 -9.28 -3.26 -4.04 2.22 9.27 0.27 -8.27 0.70 4.25 4.92 -1.70 8.21 -4.31 4.05 -9.40 8.05 -4.94 9.77 -2.87 2.68 -5.27 7.62 9.31 -8.42 4.79 -3.71 -3.55 7.68 -4.72 5.37 4.86 -3.03 -8.38 -2.43 -8.97 -2.21 6.69 3.77 -5.44 -9.66 -8.39 7.44 -0.83 2.02 -9.89 6.99 -1.78 -1.80 -8.28 -4.76 -5.03 -1.58 -0.01 -3.53 -8.51 8.46 8.97 -4.62 -0.70 -3.40 -7.97 -5.12 3.17 7.55 7.15 0.45 6.72 -8.18 1.78 -2.57 -9.78 -0.48 2.81 2.76 5.38 -1.96 -3.38 3.01 -9.61 2.45 -6.86 4.62 1.73 -4.35 8.64 -8.48 5.98 -9.97 1.41 -3.97 6.18 -9.44 -2.03 -7.49 -0.56 -0.67 -9.75 -6.39
7.33 6.70 7.90 -7.36 5.78 9.28 -8.25 2.20 8.56 -7.78 8.24 8.53 -7.90 -0.49 3.28 -2.22 3.89 1.86 3.49 -5.49 1.86 8.75 2.59 2.51 -6.32 -7.21 -1.60 7.75 5.69 -7.95 -2.32 -1.01 -2.22 -3.66 2.83 -9.58 5.50 -3.64 -8.67 -3.36 0.98 -5.85 3.80 3.79 -1.88 -7.70 7.76 7.99 1.18 -2.63 1.80 -8.59 -6.66 -7.30 -1.75 8.97 6.70 -4.09 -2.33 -6.08 -8.64 8.88 3.14 8.27 -4.43 -4.40 3.95 -7.53 6.27 -0.82 9.52 -7.97 9.12 -4.92 5.79 5.84 -3.15 1.37 2.06 -1.42 -4.00 7.38 6.92 6.39 -9.49 -7.10 -6.06 -5.06 8.87 -8.32 2.21 -7.64 -7.66 -5.32 5.74 -2.94 -1.35 -2.21 7.11 -9.41
2.74 6.14 -6.28 7.34 -2.22 -5.63 2.62 -6.44 -7.26 -0.93 -1.73 -5.91 4.37 -9.79 0.14 1.30 3.43 -4.28 7.53 3.21 -3.75 -5.29 5.85 -0.94 -8.84 -4.21 2.59 8.70 -8.52 -7.45 4.83 -8.30 -1.21 5.81 -6.06 -8.12 -1.98 -8.80 6.85 -0.61 -9.85 5.64 -3.75 9.79 5.59 3.72 -7.67 -6.44 -2.94 9.89 -2.35 -5.33 -2.39 9.38 3.73 1.24 5.74 -4.28 9.35 -3.43 0.70 7.82 -3.17 -6.20 4.77 -6.90 1.91 -9.44 -6.43 1.77 1.46 0.15 0.59 1.35 -0.84 2.54 1.43 9.79 4.69 1.64 4.54 -9.72 9.95 4.80 8.17 8.51 1.38 -2.03 2.09 7.22 -0.09 -0.79 2.23 0.19 -0.97 8.99 8.38 9.93 -6.21 9.23
-1.47 -9.88 8.76 5.95 -5.94 3.67 6.08 7.94 -7.20 -6.63 -8.95 -2.29 -2.17 4.79 1.32 -6.72 4.85 8.21 3.53 -2.21 7.65 5.15 4.36 0.69 -5.80 -3.55 -0.58 8.49 6.93 -6.20 -1.00 4.93 8.51 -1.79 7.03 -7.84 8.85 1.80 -8.35 -1.72 -8.28 -2.36 -7.52 -9.77 -4.49 -4.38 0.07 7.47 -5.31 -3.10 4.92 -7.90 2.98 5.95 6.71 -0.58 -2.37 4.74 7.87 -3.78 -0.85 -6.54 -5.30 -6.07 -2.13 6.64 0.32 -2.95 -7.41 8.51 -9.77 -6.67 -6.95 7.09 -6.07 -4.02 -5.69 -2.92 -6.36 5.17 7.31 -7.53 -4.16 0.44 -9.83 -9.05 0.93 -4.73 -5.58 -7.90 9.20 1.02 2.68 -9.70 -4.14 -8.24 -9.01 -8.57 1.76 -5.72
4.30 -3.41 -8.13 -7.29 -5.26 6.05 9.15 -4.09 1.91 9.17 9.40 0.71 -7.65 -5.06 -0.58 1.56 -3.42 0.98 -0.71 7.60 -1.69 -6.13 7.79 4.00 5.68 2.73 -5.52 5.88 -4.62 4.17 -4.84 -4.93 -6.06 2.51 -8.76 6.19 4.75 -4.21 -5.22 -1.02 -7.18 -1.97 -0.30 6.20 1.52 -6.69 -7.42 -0.97 -5.47 9.16 7.56 -4.54 5.03 -0.51 5.57 -5.70 9.63 8.72 5.79 -7.21 3.02 -3.73 4.45 -1.73 7.40 5.59 -7.90 -0.55 9.69 -0.54 -4.51 -9.27 7.89 6.69 0.58 3.61 0.22 -1.29 3.11 0.85 -8.51 7.87 -3.34 0.71 -1.21 9.20 -1.15 9.79 7.11 -3.00 -5.33 -7.31 -3.80 -7.74 -2.75 0.89 4.78 -5.36 -2.99 7.84
0.84 0.77 3.62 -3.88 4.09 5.17 -5.98 6.44 -6.17 4.33 2.48 4.73 -3.82 -1.34 4.77 9.39 2.78 -4.21 4.96 1.85 -5.42 9.52 -3.61 9.98 0.63 3.80 9.69 -7.60 -8.69 -8.32 -6.93 -7.19 4.07 3.11 -6.79 -0.51 2.74 -4.97 6.84 2.76 1.00 -0.72 3.49 -2.98 1.39 -6.26 -0.85 9.88 7.97 2.45 -2.20 7.49 0.06 9.96 3.12 -1.51 -7.22 -4.15 1.81 7.06 -9.51 4.19 -5.70 7.44 -5.90 9.33 2.87 -1.75 -7.59 -5.79 5.79 -4.18 6.11 4.08 -4.51 -3.06 0.31 -7.21 3.13 -8.91 2.17 8.74 -2.76 -8.03 9.75 2.19 1.84 7.52 -7.14 1.21 -4.77 -8.01 -4.45 -2.29 -5.24 -0.34 4.58 -8.86 -8.15 7.99
-6.11 9.05 -8.78 -9.69 6.21 2.20 7.68 -9.48 -0.69 5.40 9.45 -8.67 -5.22 9.41 9.36 7.53 1.76 -7.68 3.56 5.03 -8.26 4.58 4.76 1.95 -8.21 -6.56 4.98 8.08 8.33 -7.68 -7.20 -9.77 -1.89 -2.25 -5.24 4.55 -7.12 -9.55 5.64 2.26 -1.60 0.69 4.25 -4.66 8.88 -4.79 -5.96 1.97 5.76 1.77 4.59 5.06 -1.69 -7.41 -4.23 -5.48 5.73 9.27 0.56 8.46 -7.79 4.61 -1.43 -1.03 -1.71 -0.21 7.37 2.71 -7.07 -8.74 -1.01 9.71 -9.36 -8.40 8.71 5.48 4.04 -1.90 7.21 4.00 -6.01 9.53 7.37 -2.24 -6.27 3.71 -0.29 -0.01 -6.63 -7.75 1.40 -3.86 -4.15 4.69 2.20 -2.35 -5.82 4.17 9.81 9.54
2.73 -8.53 8.54 5.14 3.92 -1.14 0.82 -5.87 -6.23 5.48 -7.52 -8.84 8.10 1.98 3.98 9.80 2.43 8.54 -5.07 9.80 9.51 -3.18 -7.32 -7.00 -5.71 1.18 -7.57 3.39 -4.02 -6.23 -1.68 -5.91 0.88 3.58 2.65 8.21 9.06 4.44 4.95 -6.67 -1.66 2.23 0.08 4.88 -0.25 -2.09 8.10 3.06 -6.37 -3.15 0.02 -5.64 3.28 1.54 -5.03 -5.44 7.74 -9.97 -0.01 4.69 9.37 -2.17 -3.54 4.03 -6.63 -0.26 -4.29 8.58 -4.82 -5.43 9.70 -9.95 4.88 -3.36 6.27 -2.46 7.15 -4.76 -7.70 1.53 7.80 -1.42 5.28 5.12 3.59 -7.85 -6.14 0.17 -0.21 -9.34 -2.98 -1.44 -1.65 4.23 -1.45 0.45 -4.21 6.91 1.72 4.70
6.83 -1.79 -4.04 4.71 -3.59 1.47 5.06 0.00 3.98 6.16 -1.87 4.66 -9.25 0.23 -2.27 -9.40 5.11 1.13 3.13 -1.31 -6.81 -9.43 3.49 -5.79 -1.14 -6.22 -4.01 4.70 4.15 5.46 -7.54 7.92 5.81 7.84 -7.34 -1.79 1.09 0.54 2.50 6.92 6.95 -7.29 9.43 8.73 1.24 -6.30 1.29 4.53 -3.32 0.73 0.84 -2.34 2.27 -3.13 9.30 0.29 7.43 8.58 -1.90 -6.36 5.17 6.50 1.58 -0.00 -5.02 -2.94 -0.46 0.49 2.41 4.05 -4.94 2.63 -7.95 0.01 4.46 -1.86 -6.25 -0.73 -2.03 1.10 3.69 4.21 9.05 -9.92 3.62 8.13 -6.90 -4.53 0.92 -2.12 6.15 -3.73 -1.33 -2.00 2.19 -8.20 2.72 -2.90 -7.24 0.47
-7.57 -0.36 -5.19 1.11 -2.24 3.29 8.92 8.79 5.22 8.79 4.01 1.15 7.37 8.78 -6.54 -4.47 -4.11 -4.70 7.71 -7.43 -1.87 -8.70 1.40 -1.94 6.28 9.87 7.44 -4.84 2.21 1.11 2.48 2.27 -1.17 4.76 -1.05 -1.80 9.13 -5.60 -5.36 -5.68 -4.57 -3.38 -9.20 4.86 8.75 9.36 -6.22 7.19 6.05 5.75 3.20 8.83 0.55 1.16 -8.98 9.28 -4.59 7.20 3.31 -1.76 6.66 4.92 -1.72 -1.08 8.61 9.25 -7.15 3.77 0.48 -5.95 -8.00 5.06 -2.47 6.74 7.45 -5.81 -8.61 -4.22 -9.31 -8.40 -7.41 0.11 9.63 -5.06 -9.67 -4.84 -1.51 9.95 7.67 7.49 -7.93 -0.52 2.28 6.66 -7.82 -2.54 -0.63 2.92 7.97 -6.81
9.55 -7.24 -7.67 1.77 -2.65 7.88 1.84 -8.85 -4.88 5.90 1.07 -1.74 3.57 6.82 -4.24 -1.91 4.92 -7.37 4.53 2.43 -5.37 7.83 4.34 -5.58 -1.01 -5.73 -4.51 -8.74 -6.61 2.94 9.05 -1.03 -7.44 -8.25 -9.33 1.35 4.47 6.00 -3.71 3.79 9.13 -8.21 -4.37 8.71 -8.08 -7.79 9.63 -1.51 -7.90 -8.92 0.54 -7.78 6.83 -7.48 -7.91 7.85 -9.60 9.37 3.05 -4.45 4.28 -8.81 3.98 -2.47 -8.29 -1.15 6.84 -5.48 5.64 -7.32 8.63 0.95 -7.15 -6.30 -9.81 -1.87 -8.92 9.73 -9.57 1.87 9.99 -2.95 -0.86 4.95 4.60 8.76 8.54 -6.44 -3.98 8.77 -7.83 -3.42 -3.10 0.60 -5.31 8.33 -3.89 -6.76 -0.15 -2.52
-2.70 -6.35 -5.73 9.90 3.67 9.90 1.60 -1.56 4.30 -1.77 -7.41 9.92 -0.64 -9.81 -9.61 2.82 4.04 9.34 3.09 6.24 -5.82 -0.98 4.86 -1.36 5.92 -5.18 7.05 2.51 -4.55 9.12 5.96 -2.72 2.58 9.85 3.00 9.14 4.59 3.51 0.16 4.64 8.66 -2.33 -7.77 -0.57 -7.77 5.47 6.08 2.38 4.93 8.24 -3.75 -8.84 -9.40 8.30 -9.41 2.80 2.21 3.26 3.67 -1.40 -1.23 6.24 1.70 5.50 1.72 0.28 -7.16 6.85 3.47 4.89 7.23 5.79 4.36 4.69 8.68 3.20 -8.60 8.22 -4.81 -8.75 -8.89 -9.47 -5.78 -9.89 -5.14 -4.87 4.33 -9.94 8.68 5.12 -7.99 9.88 2.37 -0.92 4.53 -8.88 -2.05 9.60 3.84 2.92
0.58 -6.21 -9.81 -5.08 2.76 -0.29 3.52 8.37 -5.33 4.39 -9.56 6.35 -1.21 -2.00 -8.41 -4.15 -9.07 6.21 6.69 1.66 7.63 9.75 9.30 -3.57 5.28 -2.29 3.01 8.32 0.64 8.41 -6.43 5.07 4.63 -7.92 3.09 5.99 -4.65 0.35 -5.35 -7.86 8.52 7.25 3.54 5.59 8.85 1.74 -2.27 2.08 1.28 8.15 5.82 -8.34 -2.52 0.30 -8.72 6.31 9.97 -4.41 2.75 2.01 7.50 2.86 -4.64 9.43 8.35 3.95 7.80 9.23 6.56 -4.02 2.39 9.07 7.02 -6.48 9.37 6.60 1.30 9.03 -2.02 -6.59 -3.65 -3.30 0.98 -3.90 -3.31 9.04 4.36 1.95 0.96 -9.61 3.09 1.20 9.90 2.41 -9.87 -6.50 -8.68 0.46 9.61 -6.07
-9.30 2.07 -7.72 4.70 6.33 5.99 -0.71 8.93 6.08 1.40 -7.09 -8.04 -6.91 -4.74 3.88 1.53 4.71 1.97 4.11 8.61 -7.75 3.16 6.77 -8.78 -5.46 1.94 4.41 -6.97 -1.13 -4.45 2.81 6.98 -9.16 3.48 -8.58 -8.50 2.21 9.26 -2.00 -7.69 2.75 9.54 0.52 -0.31 7.27 -9.45 1.32 -0.56 -9.38 5.22 -4.92 4.04 -8.70 7.84 1.21 -8.23 8.04 -0.07 -6.07 0.06 -8.39 7.97 0.73 -3.89 1.08 -6.50 -1.33 4.02 -1.08 -6.61 -4.37 1.97 -7.90 2.35 -0.97 2.09 9.71 -8.04 -3.39 0.30 -4.11 1.97 0.53 -2.58 6.13 3.19 -8.32 1.02 8.55 -5.69 8.64 2.72 7.62 2.87 1.41 -0.44 8.79 -6.38 -2.17 -1.63
-9.75 1.21 -4.83 -0.41 -9.87 -1.37 2.30 0.42 1.52 7.70 8.69 5.81 -4.70 -1.15 3.63 -6.48 -7.38 -9.80 -0.74 -7.73 -8.67 -7.56 6.44 -5.48 3.12 -1.22 0.43 -3.95 1.99 -3.85 0.18 -6.00 -9.16 3.28 -1.80 -8.98 -8.99 8.17 1.17 -1.78 5.63 -3.05 -7.24 -2.17 7.24 -2.14 -3.58 3.03 -1.61 -3.16 9.80 2.28 -6.51 -0.37 -8.33 -7.41 3.86 3.90 -2.11 9.58 0.48 -0.13 8.00 3.61 -0.19 -9.21 -1.84 0.04 -9.29 2.92 -5.94 5.90 -4.27 2.86 -7.92 -7.53 2.01 2.39 -7.60 -7.36 -8.22 8.31 7.60 -8.71 -8.93 -4.14 8.10 -7.65 -9.60 -3.53 -5.71 5.00 8.56 5.62 -5.02 0.75 -6.68 4.76 7.79 7.28
2.23 4.23 -1.13 -4.86 -0.36 5.43 -5.36 7.00 -1.29 -9.41 4.85 -9.51 -7.72 3.47 8.71 -6.36 -0.45 -9.05 -5.70 -3.00 -8.31 8.85 9.12 -1.23 4.26 -6.61 4.99 -1.19 -1.12 7.97 0.05 -8.54 5.83 -1.64 3.32 5.31 7.59 2.22 -4.83 -3.83 1.39 -5.63 -0.01 9.47 4.41 -7.14 -4.96 -6.10 5.50 -2.60 6.11 -6.08 0.85 5.05 4.56 0.95 -6.46 -6.38 0.86 -3.49 7.59 0.42 -2.96 -1.48 0.87 -7.17 6.25 7.90 -1.43 0.48 8.53 -6.22 5.37 -7.06 -8.52 -6.85 -6.52 -0.65 8.11 0.26 1.89 -0.02 9.42 7.13 5.91 6.63 2.32 3.98 0.50 0.26 7.08 8.05 4.17 6.46 1.19 9.10 7.06 2.60 5.23 1.74
1.93 2.34 2.53 9.27 -9.52 3.59 9.67 -0.18 -1.46 -7.10 1.44 1.85 5.76 7.07 -1.72 -8.80 -4.98 7.51 6.57 7.15 -3.43 -4.30 -6.98 -9.88 0.45 1.27 6.55 3.09 1.26 -9.48 4.69 -5.98 5.76 1.98 2.85 8.59 6.12 3.24 -7.18 -3.68 -0.86 7.55 2.98 -3.21 3.93 -1.95 -6.40 5.50 -3.51 5.47 -9.22 0.81 -3.02 -8.87 7.59 -4.59 7.38 -0.54 -7.86 -2.89 2.44 -3.73 -2.72 7.00 -9.42 -1.01 -9.80 2.03 -3.28 -9.29 -9.71 -2.84 3.24 8.59 -2.80 2.73 -2.13 -0.04 5.68 -4.63 2.86 5.90 -9.17 8.87 -8.74 -2.79 -6.74 -4.12 1.94 -1.18 4.50 6.97 -0.01 -4.26 3.07 -6.50 2.71 4.48 5.49 -6.91
9.70 -7.42 -1.37 -4.06 -3.52 -5.00 -1.50 2.99 0.98 -8.61 6.84 7.50 -3.38 -9.10 -0.83 -5.75 4.76 -9.89 -7.01 6.70 7.29 7.47 -3.80 -2.30 4.19 6.98 6.23 8.87 6.99 -9.68 -4.99 -3.91 2.11 2.97 1.29 -4.93 -5.57 3.52 9.81 6.58 1.29 -6.58 1.74 7.03 2.53 7.33 -2.64 -0.22 -2.63 -7.56 -3.71 -8.33 6.47 4.59 5.74 -0.08 7.85 -4.16 3.03 -5.35 -9.38 8.67 9.26 -2.00 -0.20 8.31 8.49 7.03 2.03 -3.33 -5.53 -3.37 8.85 -9.14 6.91 -5.04 1.75 1.49 -6.41 1.86 -3.47 8.94 -2.49 -5.05 3.56 0.07 4.72 -8.64 -2.73 -5.84 3.45 9.19 7.29 -5.61 4.89 8.46 -7.99 4.43 3.16 7.05
2.64 4.10 9.99 1.80 9.61 -3.25 -5.27 -6.37 0.64 -2.80 -2.98 1.92 3.39 3.30 5.23 0.18 -9.90 4.33 -6.30 0.22 -5.35 -0.55 -5.35 -0.21 0.83 -6.00 4.29 7.95 -2.16 -3.95 8.56 1.40 -0.11 -0.15 -2.53 7.03 -1.74 -1.04 5.07 -3.37 6.22 8.44 -6.62 3.56 -8.29 -0.06 5.36 9.81 -8.97 2.74 -7.66 -2.87 5.42 0.44 -0.59 1.24 8.33 -0.21 -5.25 1.31 0.12 0.32 3.24 6.35 9.52 -3.11 -5.48 3.39 -5.96 -5.98 -7.85 3.02 -8.12 -2.20 3.02 -2.76 -4.96 2.90 0.48 0.86 -5.09 -0.33 -1.93 7.39 -0.58 -7.84 0.64 3.49 -1.90 -6.49 8.65 -0.29 8.06 -8.45 5.47 -2.99 -6.04 7.55 -8.33 2.38
-7.78 2.51 2.00 -9.10 2.61 -8.05 7.03 6.95 -6.57 -4.73 7.35 4.07 -2.86 5.05 6.04 9.30 -3.48 -7.55 -4.37 3.96 -7.77 9.12 -9.59 -5.91 9.57 5.77 -2.35 4.96 -1.12 8.04 -3.22 2.51 -1.67 6.79 -3.65 -0.61 -5.85 -4.17 3.22 3.60 -8.81 2.25 -9.46 -8.51 -4.78 5.32 8.83 7.45 3.57 7.32 -5.39 7.73 -4.47 3.32 0.98 -9.34 9.67 -2.65 7.10 -5.80 8.10 9.56 6.33 3.50 -5.05 -0.26 5.15 7.51 1.90 0.45 -6.31 -2.70 -6.80 -5.60 -0.01 -5.70 0.70 2.06 -0.61 -9.04 7.57 -4.26 0.72 8.51 -6.51 -2.52 -1.14 -1.60 1.25 -7.09 2.76 8.23 -0.09 2.01 6.31 -8.30 9.93 7.65 -8.63 -6.52
9.10 6.68 -0.40 5.53 6.76 -9.97 -3.85 4.05 -2.20 2.33 9.45 -6.16 -7.25 -3.31 2.86 4.01 -7.19 -0.53 3.74 -6.29 8.12 0.99 9.21 3.67 -8.33 5.25 -5.45 8.60 2.54 -3.37 3.95 -1.48 -1.49 -2.64 3.36 8.60 6.09 -5.33 0.75 0.10 -9.75 8.11 8.97 1.39 -9.81 -3.74 6.65 -9.27 -1.55 7.49 -9.11 -6.83 4.07 7.48 -0.05 8.04 2.04 7.29 -0.30 8.70 -8.78 -2.61 6.13 -0.39 -3.06 1.43 -3.94 -6.34 0.64 -7.84 -3.49 5.61 -8.71 9.49 -5.89 8.75 -5.88 7.31 5.43 -5.86 -7.16 1.28 8.38 1.78 1.87 -6.76 4.96 7.04 -7.75 8.73 -0.55 -6.84 7.58 3.75 1.35 2.52 -2.44 2.84 -5.60 2.99
6.46 -7.01 -3.13 1.33 8.14 5.58 8.28 -4.11 -9.96 -4.81 2.68 6.01 -0.63 1.64 8.70 3.23 -8.73 4.26 1.50 -9.24 4.24 6.19 -7.37 -0.55 -3.85 6.00 8.29 4.39 6.07 1.80 -0.19 -9.56 3.43 0.16 6.41 -2.36 6.50 -2.23 -4.90 -8.69 -6.21 7.37 -7.66 -0.54 -1.37 -6.15 -7.46 -3.92 9.16 6.82 -6.20 4.30 6.19 -3.93 -8.67 -3.94 -4.39 -0.26 1.03 -9.59 9.46 -5.51 -4.13 -4.39 6.94 -2.54 5.62 2.48 -8.90 -9.36 -5.02 6.07 -7.30 9.26 7.39 -3.09 6.79 -0.54 -1.28 8.52 2.95 3.24 3.52 5.30 0.86 7.43 2.72 9.38 -2.88 0.90 0.02 -2.58 8.46 7.73 -1.27 -4.99 5.13 9.92 -3.43 -7.37
2.95 0.55 2.68 7.15 -2.12 7.58 6.08 -4.71 8.84 -9.03 -1.83 -9.03 -9.69 3.44 -5.83 -2.87 -8.38 -1.43 -6.54 -8.25 -8.18 -0.21 -2.54 1.71 -1.30 -9.84 -8.59 1.28 9.85 4.93 -2.29 2.76 5.98 4.12 1.30 -7.78 -7.28 -9.66 7.07 -6.79 -2.29 -9.75 -5.44 0.75 4.00 0.34 2.20 -9.71 9.80 -4.85 -0.26 -4.22 -2.36 -5.51 -7.59 -0.05 7.40 6.80 0.05 6.33 1.15 -5.03 -5.92 -7.49 -9.25 7.18 4.60 -7.93 5.76 -3.72 7.84 -2.01 4.26 -4.88 -4.57 -1.66 3.81 7.31 -2.51 3.57 6.15 5.79 -5.36 -7.97 2.63 -4.98 3.28 -9.64 4.38 -0.27 6.34 -2.54 3.48 -5.29 9.66 5.02 -2.43 5.22 -6.02 -3.52
7.81 1.96 -3.26 3.06 2.20 3.45 8.47 -1.68 -6.04 5.89 -5.49 9.18 4.19 -1.08 -4.78 4.16 -7.90 1.54 -2.32 -3.15 4.31 -4.03 -6.27 9.49 8.73 -3.96 -9.39 9.02 -4.49 -4.70 -9.08 -9.94 -6.48 0.80 -6.45 2.49 -1.40 -2.33 3.17 0.85 9.68 -2.50 0.00 -1.76 -6.93 -9.02 -8.44 -8.05 -1.03 -0.44 9.76 4.55 -8.50 9.04 1.21 8.90 5.40 -9.80 7.41 -0.82 4.60 7.40 -5.62 8.13 -6.86 -0.22 5.19 5.82 -8.62 -9.25 -0.37 -1.63 0.60 5.34 6.81 -3.35 7.34 5.35 -5.13 1.65 -1.69 4.11 -7.22 4.46 -6.67 9.20 1.64 9.94 6.09 -9.01 4.15 -4.74 -5.67 6.00 1.40 9.98 7.09 2.89 3.73 -0.42
8.13 5.83 -4.31 -8.15 9.60 4.66 -3.75 -5.61 1.14 -1.20 -9.77 -2.27 6.10 7.50 -7.75 3.22 0.75 9.45 -2.46 0.18 -8.28 5.42 5.51 5.40 2.69 1.44 0.84 -4.27 -3.43 -2.00 -9.87 -9.69 -8.50 0.60 5.10 2.83 -5.86 -7.69 -8.53 -8.07 -2.70 6.49 -6.93 -4.92 1.73 9.57 3.94 -1.92 4.95 1.59 3.98 -4.18 4.12 4.56 7.63 -2.87 -6.51 -7.17 4.17 -0.72 2.37 -6.59 9.40 -5.73 -2.84 -2.52 -6.73 -7.04 -4.32 9.49 4.41 -0.84 -0.55 -7.95 -5.97 4.23 3.33 2.62 8.16 9.72 0.73 -8.21 9.42 -8.11 7.57 -7.47 9.72 -6.14 5.64 -3.43 4.40 5.76 -2.22 -8.19 -4.39 0.32 2.54 3.16 2.34 6.94
2.95 -5.41 -5.44 9.87 0.29 -4.05 7.95 0.68 1.99 -3.53 4.84 -3.47 -1.48 -9.99 -5.10 -9.42 1.43 -7.02 -1.95 -7.19 6.43 -1.59 -2.60 -0.58 -3.90 3.60 9.31 2.92 -5.98 8.71 -0.97 8.06 5.17 -0.97 -3.54 -5.98 5.64 -0.79 -7.12 9.27 -4.10 1.87 -1.67 -3.22 0.67 -0.91 -3.17 7.87 5.25 6.12 1.79 7.69 -0.71 -3.78 -0.69 2.99 -5.28 -8.80 6.97 0.01 8.43 -1.15 -9.98 1.34 -4.95 9.55 -7.73 0.34 2.05 -6.93 2.59 4.91 5.33 -4.96 4.40 7.94 -9.85 -8.70 1.23 -8.48 -0.62 8.36 2.74 5.50 -0.24 1.67 0.06 -1.88 9.15 -2.28 -1.54 -1.06 -3.21 -8.88 -3.24 7.19 -2.67 -2.19 -5.16 7.17
-2.77 1.15 3.87 -0.47 -6.74 -2.19 9.38 1.55 1.58 -6.91 -3.55 2.16 0.34 4.82 -4.69 -7.51 9.95 -6.57 4.37 -2.04 -4.43 8.69 0.34 0.01 9.34 -3.10 -9.51 -2.92 -9.74 -0.35 2.88 9.19 -6.10 -8.82 -5.34 -1.75 -4.58 -0.09 4.99 -8.87 5.83 -6.28 -6.96 9.55 -1.51 1.65 9.84 6.64 -4.81 6.67 6.22 -5.66 0.40 -1.10 -4.53 -4.08 8.84 -0.39 -7.24 -3.48 -4.93 1.76 -5.70 2.44 -0.47 -1.23 -5.19 -7.54 9.35 1.20 -5.88 8.78 -9.89 1.41 -3.77 9.52 9.65 -9.61 -2.38 7.53 -6.99 8.71 -3.51 -6.19 1.95 2.56 -6.16 -8.01 8.27 4.67 1.46 -1.87 -3.37 -7.35 8.51 7.84 -2.35 -2.69 -6.85 -7.27
-5.72 -1.79 3.28 -1.34 4.94 0.85 6.85 -3.33 6.80 -5.88 -9.05 9.79 -1.82 6.00 3.23 8.98 5.44 2.22 -2.28 4.78 3.25 -1.28 0.29 0.64 -5.17 -8.12 8.49 -2.43 9.22 7.73 6.35 1.30 -2.60 5.95 -7.31 7.34 4.73 -3.10 -6.62 4.83 -9.46 8.30 1.17 -0.66 0.68 -8.57 -1.65 5.31 -8.09 5.81 -4.50 -4.62 -3.89 0.58 -8.09 5.49 -3.17 -4.05 6.70 4.59 3.45 1.45 -6.03 0.01 -6.37 7.04 0.82 -6.14 2.78 7.26 0.70 -2.84 -4.46 4.03 8.96 2.56 -9.44 7.17 -4.11 4.40 4.76 1.84 9.73 6.42 -0.16 3.53 -5.11 -1.27 -5.78 1.93 5.78 -1.21 2.10 5.96 2.94 9.91 8.28 6.78 4.16 8.52
-1.98 -0.10 -4.97 -1.76 -0.20 9.72 -6.26 -5.91 6.61 7.45 -1.28 -6.07 6.19 3.08 -0.20 6.97 -7.89 -4.82 -1.83 -6.26 6.65 -4.59 -5.40 -3.19 2.24 6.00 6.35 0.98 2.20 6.26 -8.22 -8.72 -6.68 7.12 8.75 4.47 6.99 0.87 1.74 0.64 2.78 5.45 -3.92 6.05 -9.71 2.34 8.64 1.61 9.14 8.64 -3.78 7.10 3.76 8.81 2.05 -3.40 -1.84 -4.23 -8.63 9.00 -3.59 9.23 -7.87 -9.04 2.06 -8.45 3.36 -5.33 9.03 -0.79 0.09 5.12 3.31 -3.30 -7.61 4.16 4.05 -4.65 -0.34 9.19 6.75 -7.11 -9.75 -2.99 -8.20 -1.05 8.17 3.69 -3.82 -7.57 1.21 5.40 -5.19 9.77 9.07 3.33 8.18 -3.77 -8.31 -2.91
3.60 -9.88 9.08 -1.01 1.76 7.98 8.43 -1.51 -0.15 6.09 -9.06 -1.75 5.11 -6.80 -8.56 5.50 -2.07 -6.71 -9.20 -8.25 -5.61 -3.78 7.07 3.82 3.28 -1.96 -1.77 6.28 4.50 -3.40 2.30 -2.21 9.28 -1.49 -7.46 -8.88 -3.24 -5.66 3.94 -5.11 4.09 6.66 -8.76 -2.42 2.21 6.68 -8.91 -6.86 -7.57 -1.22 -7.33 8.13 -0.86 -1.60 8.36 2.34 -8.74 9.39 -9.56 -7.92 -6.70 -7.31 -0.67 -7.07 -7.36 7.69 6.77 8.08 -2.14 -1.05 -2.44 3.17 -2.02 2.42 8.42 7.67 4.46 -5.43 -2.38 6.18 9.75 -1.99 1.02 -0.92 1.02 1.99 -1.05 -2.87 -5.11 -9.10 -5.72 0.41 6.33 -4.61 -1.96 7.82 -9.20 -2.80 4.58 5.66
-5.80 1.02 -1.94 8.98 0.07 -7.54 -4.34 -4.58 8.04 -4.54 7.32 5.14 1.50 -0.62 2.08 -4.54 8.90 9.42 4.06 9.04 -2.68 -9.06 5.88 -5.65 2.91 -7.29 7.05 3.71 -1.61 9.80 4.76 -1.65 0.04 6.28 9.77 8.36 5.62 -2.16 6.38 -5.52 -4.88 -1.13 -2.65 -8.73 -5.02 -1.74 -5.68 -6.69 -7.13 9.00 1.70 3.22 0.66 4.58 8.14 -1.39 6.49 -3.24 -2.79 6.13 -7.02 6.78 -5.89 -9.37 2.44 0.88 4.92 -3.83 9.82 5.82 3.71 1.52 2.94 -3.85 1.90 -2.05 4.58 -7.40 4.12 -7.28 -0.92 5.27 0.67 1.00 -2.94 -7.83 -7.31 4.13 -8.57 2.12 -7.72 1.00 -1.74 4.03 -1.84 9.30 7.74 -3.56 7.50 0.24
1.88 8.85 -5.60 8.97 6.60 -7.12 3.14 8.27 3.43 -5.18 9.25 -4.87 7.49 2.26 6.18 -5.12 -3.94 -4.90 -9.16 7.85 -2.76 4.22 -5.17 -1.52 -3.55 4.17 -7.07 8.85 9.87 8.38 -3.56 -8.67 -1.31 -0.39 8.67 -3.55 9.24 9.97 8.80 5.69 -5.13 4.43 -7.34 -8.79 3.97 1.82 -6.29 4.21 5.65 -5.50 -0.66 -9.29 -3.86 -1.72 1.57 -6.42 -8.68 5.67 -6.70 -9.22 0.29 -5.44 -4.46 -5.86 4.84 3.07 -6.88 -9.11 4.82 4.49 -2.12 -5.46 -9.19 -6.45 -5.28 3.05 -1.25 -1.45 -9.54 -7.14 4.87 -9.64 -6.83 2.73 -4.09 2.07 9.04 -9.66 -7.32 -5.17 6.34 -3.69 -9.72 -0.37 4.61 3.98 -8.43 -3.84 1.11 1.37
-6.22 -7.11 -1.93 -7.94 3.22 -6.28 -8.84 -1.40 -0.35 -1.23 1.32 -5.88 5.13 -3.99 -5.60 7.32 5.04 -1.49 4.76 -3.04 0.79 -4.81 5.37 -2.02 -4.11 -3.17 9.86 -4.87 5.42 -7.76 -2.31 -9.05 7.08 3.60 3.49 9.93 -8.11 7.71 5.08 -0.18 -6.09 -3.02 6.57 -9.74 -8.02 1.04 6.41 -6.42 -4.34 4.53 7.81 6.14 8.42 7.94 2.39 4.90 6.67 0.85 -5.53 0.74 -4.29 -5.96 0.89 5.11 -6.15 -7.95 3.31 -2.54 -6.10 -6.37 -1.17 -9.89 -3.97 -7.40 -7.32 8.98 7.93 1.22 5.63 -2.99 -0.21 8.14 -8.06 1.98 -9.22 2.27 -5.40 -0.09 2.18 5.00 3.60 -1.56 -1.32 -2.58 2.34 -0.92 -8.10 -5.73 -5.23 2.83
5.66 7.41 -4.21 4.73 -9.73 3.08 8.58 -4.55 0.15 5.17 2.55 7.79 -0.09 0.06 0.94 3.45 -2.73 8.44 -8.89 7.56 -4.85 -3.36 -5.76 2.59 -8.57 -6.21 9.96 5.31 1.79 1.07 -8.84 -4.91 5.36 -0.78 2.85 4.43 5.69 -9.78 -9.47 1.16 0.52 4.78 -5.23 2.15 -2.64 1.79 -6.93 -5.71 9.99 -8.50 -2.09 1.62 2.97 -3.20 -8.78 1.60 4.14 0.98 5.98 -2.38 -8.35 3.60 9.04 -0.66 3.75 0.77 -3.98 -0.93 4.47 9.59 -7.13 4.31 6.90 9.87 7.88 6.28 -0.04 3.64 -7.45 -8.98 -3.05 2.32 6.05 8.61 5.18 -6.93 5.27 5.27 2.04 5.25 -5.39 -7.32 6.73 4.55 -9.52 8.09 -9.78 8.56 -5.03 -3.07
-4.82 9.40 8.57 -6.27 4.05 -1.00 -4.66 8.37 -2.06 -0.96 1.49 5.22 -5.52 0.10 6.06 4.47 -8.16 -5.66 -0.93 7.95 0.58 7.49 6.65 7.82 -2.31 -2.37 -9.50 -5.52 8.13 4.21 0.89 -4.81 -2.47 -7.95 5.50 7.19 3.24 -4.75 -3.03 -5.77 5.40 1.48 2.26 1.12 4.32 -3.78 -7.28 3.29 1.79 -5.20 -1.91 -8.78 5.90 -8.30 6.10 -2.68 0.98 6.70 -0.51 5.45 8.16 4.52 0.65 -9.63 -7.40 2.42 2.71 4.07 2.48 1.66 1.81 -8.48 -9.35 -7.13 -0.65 -1.22 -6.02 -0.56 5.92 4.23 9.88 -9.58 2.57 -7.43 8.59 -6.86 -9.07 -2.90 -2.20 -3.69 4.89 9.57 7.42 -1.35 4.29 -7.24 -6.01 -2.31 -8.99 5.55
4.37 0.57 6.38 -7.53 -3.70 1.18 -1.91 8.26 1.54 7.97 -1.64 -4.30 9.01 -6.30 -8.22 2.25 4.75 -8.02 1.42 0.91 2.21 0.89 -8.51 5.90 -6.64 -2.13 -9.81 -3.59 8.12 -7.85 8.91 -6.51 -2.52 4.74 -4.45 5.86 1.30 -1.64 5.63 -2.85 9.14 2.58 0.75 5.62 4.96 -2.80 -5.10 -7.37 8.62 1.16 -8.91 -1.32 -1.71 5.77 1.98 -5.32 4.46 -6.66 5.54 -2.87 2.35 9.34 4.00 -7.97 -7.44 9.73 -1.31 -2.48 -0.82 2.47 -4.35 -5.15 1.14 -0.54 -5.55 -5.06 -1.46 -8.56 -2.13 2.72 -7.27 3.83 -2.92 -1.53 -3.82 6.16 0.24 -5.57 6.44 7.85 3.67 3.89 -5.96 -4.26 -0.03 2.81 -3.66 5.16 -4.09 -3.94
-4.06 -6.96 8.16 9.35 -8.84 -5.61 -0.55 3.71 5.41 -7.30 -3.72 5.81 2.51 7.50 2.77 9.79 -0.68 4.05 -7.04 -9.06 -6.97 4.75 4.93 -8.35 -8.84 7.16 -2.52 -3.62 1.69 -0.64 3.54 -5.67 4.28 1.29 6.84 0.22 -1.75 -5.63 -6.94 2.15 -4.69 -4.44 -6.98 6.91 4.71 -6.61 1.44 3.31 -9.20 8.01 -5.57 6.51 1.68 3.26 3.79 -3.98 -7.44 5.54 -2.02 -9.34 -6.77 -5.04 9.17 -2.77 7.27 3.99 0.66 -1.62 7.78 -0.44 -8.36 -9.75 -4.76 1.81 8.53 -9.71 8.10 7.30 -7.49 -3.23 6.87 -8.41 4.15 0.27 4.61 -2.71 7.25 -7.25 5.06 -9.47 -6.92 2.22 -8.30 3.89 0.22 5.15 -9.44 9.52 -0.02 -8.42
2.15 -2.11 8.13 -4.05 -9.60 9.41 -3.28 -0.65 7.16 1.22 -5.34 2.99 5.31 -4.97 -2.36 -7.18 -1.17 -5.80 -0.20 -4.14 -1.78 -5.59 2.64 -1.12 -0.63 -4.52 -4.50 -5.44 -7.59 -2.11 4.57 -4.59 -6.53 1.62 3.53 8.15 1.17 0.52 -6.48 4.69 4.01 -9.09 -0.45 -6.73 -8.57 -0.15 -1.29 0.69 0.78 -0.08 2.21 -0.28 8.01 -0.63 0.72 -4.17 -4.95 -4.82 -4.96 -5.51 4.72 -3.66 8.02 -7.20 7.51 -2.48 3.86 -0.00 -2.65 -7.42 -5.83 5.32 0.34 5.38 -2.62 -1.29 -9.03 0.14 -1.71 -4.77 7.13 -2.45 9.95 7.58 -8.79 -3.76 -7.67 -0.94 8.01 -3.10 7.73 8.83 -4.50 -3.50 8.56 -3.38 -9.94 4.59 6.01 -0.49
-7.68 4.33 3.38 0.56 4.24 7.42 -0.43 -0.41 -2.83 8.64 9.78 3.12 -6.16 9.54 8.88 -3.87 -3.04 9.52 3.16 -4.57 -1.00 1.60 -1.51 -5.53 0.67 8.79 -3.43 2.90 0.03 5.85 -2.50 -2.82 -7.56 -1.80 -5.72 3.85 -5.94 -0.48 8.00 -2.47 3.42 -7.78 8.01 -4.98 -4.05 -3.13 1.60 8.28 0.72 -7.90 -1.89 5.79 5.67 4.65 2.52 -6.99 9.59 -0.43 3.61 5.03 5.46 3.44 4.57 8.00 5.56 -9.29 -7.20 -1.00 -7.08 2.75 7.23 -2.42 6.80 5.13 9.63 8.73 6.14 -0.98 6.17 2.14 -9.94 -2.60 -2.75 9.77 6.09 3.73 0.35 -0.97 -1.19 7.99 1.74 -7.91 -3.00 6.01 -5.76 -6.91 4.33 8.00 0.71 -4.89
-6.95 5.07 -5.82 1.68 -0.50 -5.04 -8.66 6.94 4.38 8.45 -2.97 -1.15 8.22 -7.81 -4.59 -5.80 -0.31 7.39 6.66 -5.81 -4.30 1.73 8.47 7.08 0.62 4.49 -7.79 2.19 -0.93 -2.35 -4.10 -5.77 -7.86 6.92 -6.98 4.90 -3.48 7.64 2.99 -4.92 -9.86 -7.35 7.17 9.92 6.68 0.35 0.19 8.58 2.30 -9.68 1.35 -3.37 -7.33 -6.31 8.79 -5.82 5.00 5.85 -3.30 -1.88 -9.59 0.69 -8.80 9.74 0.75 -9.08 7.04 4.19 6.55 7.85 4.14 1.81 -4.81 -9.48 -8.83 2.55 6.08 -8.54 8.23 9.27 9.46 -7.80 -2.09 2.44 -1.77 -4.17 -4.53 7.22 -0.04 -5.84 -2.28 5.03 -7.83 -7.38 -5.48 -9.89 8.04 -3.02 3.14 -5.54
1.00 4.40 -2.74 -6.57 7.75 7.34 -6.62 6.40 1.47 9.48 -5.32 0.58 -2.90 -4.30 2.40 5.57 9.25 4.16 -7.71 7.72 0.54 1.82 6.18 -3.68 0.30 -5.52 3.18 3.29 0.01 -6.07 8.63 -9.27 -3.98 -7.36 -8.88 7.21 -6.28 -8.85 2.46 -6.13 -2.40 -8.92 7.36 3.97 4.16 -6.16 -3.45 -8.53 6.00 -8.01 0.01 -7.28 4.06 4.24 5.97 4.69 -6.79 -8.15 9.15 -0.14 5.94 4.67 -3.49 -8.56 -8.16 -9.94 -2.11 -6.13 1.29 -1.38 7.80 7.31 -4.94 -4.60 1.42 8.53 -7.75 -8.49 7.65 1.63 4.82 -0.26 5.48 2.84 -3.07 1.37 5.26 -9.12 -0.31 -0.32 -9.72 -1.71 9.46 -8.60 1.25 7.86 9.69 2.58 6.73 -3.42
-0.44 -6.33 4.97 8.57 8.11 -1.38 9.99 -8.17 -3.10 -5.86 7.18 0.61 5.24 0.83 3.29 6.21 3.89 -3.86 3.32 2.37 8.99 4.53 2.19 9.11 -6.74 5.28 6.79 -0.10 -1.11 -8.92 3.49 -0.35 -7.46 6.21 1.93 2.66 2.46 0.10 6.95 -0.02 2.03 4.85 3.20 0.47 -7.50 -9.25 3.91 5.39 0.80 5.50 -1.37 -9.54 -0.53 -5.98 3.61 8.03 -8.92 -2.90 8.57 6.09 -7.21 8.53 -2.94 8.93 -0.95 -9.01 6.71 7.92 -9.27 -1.79 -2.97 -0.73 2.32 -2.83 7.88 4.28 1.68 2.63 8.82 -9.58 -3.02 -9.08 -0.27 6.86 3.30 6.80 6.64 4.25 -7.22 5.94 3.27 0.37 3.61 8.52 8.18 0.69 -1.69 8.20 -6.34 9.88
-2.80 9.60 1.99 9.19 -4.04 -2.27 7.10 0.29 -1.77 9.55 -4.01 -9.27 4.90 1.19 6.56 -9.61 -3.44 -4.16 -1.30 0.84 -4.65 -6.47 2.92 5.34 1.34 6.54 6.03 3.66 7.95 0.19 -5.74 -8.03 3.38 -6.57 -9.19 8.24 6.99 9.09 -6.98 9.24 -0.35 0.33 -8.78 -4.33 2.55 4.89 -1.60 -8.46 -1.36 8.41 0.02 -6.62 8.49 3.31 -6.81 -4.49 -7.66 -3.80 9.17 -9.40 8.21 -7.65 -6.52 -3.65 6.73 -3.64 2.79 3.79 7.41 6.41 5.40 -5.01 -3.10 -3.31 2.84 -5.12 7.13 9.38 3.99 -0.11 -3.43 7.68 -2.17 0.22 7.45 -4.28 8.08 -4.32 -0.79 -4.52 -0.24 2.81 -5.70 5.49 1.68 -4.27 7.20 -3.57 -2.65 -3.19
2.90 -0.63 1.76 6.93 -4.35 1.45 -9.94 -7.68 4.09 1.09 8.04 -2.33 6.98 -3.68 -5.46 -4.09 4.67 -5.51 -6.91 -4.53 -7.93 0.58 -1.76 8.06 -3.47 6.68 1.13 2.57 -5.63 -0.40 5.34 0.90 -5.62 -2.50 9.88 -0.70 -2.84 6.14 -5.97 8.41 -0.29 6.68 -5.36 3.22 -4.28 -1.99 -8.81 3.51 -5.55 -1.80 -8.15 1.56 9.13 7.10 9.64 -0.26 -7.58 -9.29 2.12 6.66 6.92 -4.52 8.85 4.76 -9.41 5.20 -3.18 -5.79 4.99 0.92 0.75 -0.87 5.02 -3.85 5.74 4.22 -7.95 6.93 8.17 0.27 -6.80 4.78 -9.00 4.47 -4.12 5.68 7.91 -5.72 6.13 -1.91 1.45 4.38 7.99 4.00 -6.64 1.07 0.99 -5.61 0.72 3.94
-0.01 9.10 5.51 9.75 7.95 3.89 4.02 6.60 9.84 2.81 -0.55 7.12 -7.63 -0.16 8.34 5.39 -6.25 2.77 -6.02 -8.78 -8.09 -4.83 4.67 -2.79 -7.96 2.65 0.75 -4.01 5.85 -3.35 -7.77 -2.48 -0.30 -2.22 -8.58 3.54 -6.49 -7.91 -6.37 0.07 -3.84 9.54 2.56 -2.42 -4.65 -5.68 2.80 -7.03 -1.34 -3.73 0.25 1.67 1.72 -6.16 -0.05 2.75 -4.48 5.51 2.95 6.46 4.57 -7.26 4.77 4.96 7.69 -2.26 -4.82 -4.15 -4.48 0.55 6.92 5.36 0.23 -4.20 9.04 1.60 4.49 -4.34 7.56 1.82 7.04 -9.51 4.78 -7.96 -1.84 -9.70 7.22 6.73 6.31 8.60 -7.29 -8.30 3.79 9.86 7.69 -7.80 -7.10 7.38 8.19 -2.77
-4.15 3.70 6.74 -8.86 8.71 7.66 9.50 -2.00 6.17 0.91 1.80 -6.08 0.50 0.51 -1.83 1.45 8.72 0.78 -8.84 -3.13 -3.79 4.76 -2.93 -9.99 2.42 -7.88 -9.15 -6.35 -3.67 -2.45 5.05 8.81 -1.64 -6.95 -9.40 -1.65 -2.26 9.27 -7.48 -0.45 -9.14 -0.07 9.15 0.28 9.84 4.80 5.46 1.80 4.08 -9.59 -7.75 -5.20 8.29 -0.86 -7.89 7.79 -9.54 -0.73 -2.69 9.70 -7.22 -8.21 -8.93 7.01 7.74 -9.50 -4.76 8.85 -8.59 2.50 -0.57 7.47 9.14 -0.00 5.29 -6.32 7.58 8.27 -2.69 -1.69 8.42 0.70 6.45 -6.89 8.19 -3.00 5.00 4.67 -8.95 0.84 6.36 -5.94 -3.08 8.17 9.59 6.06 0.89 8.78 -0.87 8.29
9.24 -0.69 8.46 -4.89 9.89 -6.49 -0.49 -0.14 8.81 3.81 -8.71 -6.16 -6.30 4.89 -9.37 -6.43 -3.44 -2.10 -0.04 1.94 2.33 6.67 6.92 4.82 1.46 9.21 6.69 -3.46 6.29 -2.07 7.77 -4.00 3.43 -3.09 2.63 -1.34 -0.70 -3.26 1.76 1.10 6.75 6.25 -7.99 -6.92 8.36 -9.09 3.93 -4.33 -4.27 7.91 3.66 -8.17 4.78 1.87 -7.84 -3.46 3.71 -6.72 -1.30 2.03 8.38 8.29 -4.24 -8.59 7.45 3.55 1.98 3.03 9.44 2.73 7.67 1.54 1.02 6.21 -8.53 -0.72 -9.00 -1.06 7.34 7.74 -9.53 -5.53 -8.73 1.33 -7.04 -6.50 -2.30 -4.83 -4.64 -9.38 -5.78 -7.80 1.27 7.10 8.99 2.22 9.78 3.76 3.05 0.61
2.98 5.66 2.01 2.63 3.35 2.88 8.14 5.31 -6.58 7.45 -7.08 -8.84 9.98 -6.59 3.81 5.19 -1.93 4.28 3.67 -2.15 -8.00 -9.19 6.16 4.84 -3.85 6.08 -7.44 9.60 6.52 -0.92 0.47 -9.88 -6.44 -0.30 -9.33 9.78 5.98 -8.61 -1.02 -5.36 0.45 -6.43 -3.32 -6.76 1.05 -9.15 -3.81 -1.59 -2.19 4.96 -7.92 -9.42 -6.06 9.22 7.63 -3.45 -4.61 7.96 2.37 5.04 -5.30 3.89 7.33 -9.84 5.15 0.52 -8.56 -4.69 6.76 -8.71 -3.14 -8.81 -1.20 -0.31 -5.75 -3.74 6.92 0.48 6.23 -7.98 3.74 -2.23 -5.19 5.76 -5.38 5.74 2.93 6.46 1.17 -6.12 2.67 5.99 -9.01 -1.36 4.35 2.60 9.60 -9.14 -3.58 8.51
9.34 -7.74 5.36 6.31 4.58 -2.73 -9.03 0.80 3.23 -5.16 -7.40 2.65 -5.77 -5.54 -4.05 0.12 -0.29 5.41 0.05 9.85 -9.82 -3.91 9.91 5.53 -2.94 -9.59 -8.44 3.15 0.41 -4.16 -0.66 -0.98 -7.17 -3.41 -8.16 3.63 -9.43 8.09 1.62 2.68 5.25 8.54 5.23 -2.13 1.08 7.94 -4.40 1.86 4.37 5.82 9.63 8.99 -9.15 4.19 7.84 8.86 -5.06 -2.45 3.24 8.79 -7.51 -7.43 6.28 5.68 -1.84 -0.26 3.87 0.17 -2.21 8.17 0.63 3.41 -5.98 2.99 -8.84 5.23 3.86 -3.27 1.91 3.24 -7.52 5.56 3.22 6.13 1.84 5.27 -1.91 -1.83 -0.37 -0.81 -1.66 9.92 -0.57 6.23 -9.72 9.92 1.10 -7.59 2.59 -6.12
7.49 -7.68 -7.64 -5.22 -1.09 -1.92 -2.34 -5.95 -2.69 -4.37 -4.66 4.05 -1.10 -4.92 9.16 0.23 -3.72 4.95 -1.81 9.63 6.36 4.89 4.73 -6.11 -6.08 6.54 8.79 -6.47 7.14 -9.01 1.35 -0.40 5.95 -2.99 9.19 7.59 -6.25 4.92 3.93 -3.84 4.10 2.60 9.39 3.45 -6.93 5.08 -6.17 -3.64 -3.48 1.94 0.44 -7.70 -5.12 -1.94 8.60 5.03 -8.00 1.81 3.04 -1.55 -2.35 -5.75 6.91 -3.14 6.63 8.55 5.67 2.50 -9.73 -3.90 0.32 3.18 1.63 -4.83 -5.81 0.87 -3.65 3.19 -7.33 -5.40 9.84 3.37 -4.45 -7.23 8.12 -3.84 5.54 1.01 -6.18 -7.62 -6.70 -7.23 9.42 -7.02 -4.12 -7.47 -1.48 5.45 -5.16 2.93
-1.41 0.86 -4.51 -6.65 0.71 -1.16 -9.72 0.17 5.89 3.98 -8.92 -8.25 6.53 1.56 -9.85 -6.33 -10.00 -4.33 -5.11 -7.24 -8.38 -1.94 -6.67 8.94 -1.64 -3.27 -1.01 -1.76 -3.66 8.59 4.79 3.75 -8.66 9.54 5.34 -4.32 1.67 -5.60 2.62 -5.34 -0.91 -6.19 -8.64 -3.37 4.68 -3.62 -1.05 1.82 -5.25 9.50 -4.06 1.88 -1.42 -4.86 5.76 2.26 8.05 6.83 -6.62 6.34 -5.77 5.64 -3.03 4.36 2.22 4.56 -5.83 -4.43 9.09 1.67 7.97 3.97 -9.08 -6.21 8.61 -0.47 -2.96 -7.47 4.48 2.84 -1.18 5.17 -5.48 1.12 5.13 7.85 4.42 2.50 -7.30 2.51 9.55 3.43 2.19 -3.76 -1.04 4.98 9.25 -4.40 6.36 -1.99
8.51 8.15 9.47 -8.85 -2.61 6.73 0.86 -1.09 -1.79 -1.50 -5.32 8.42 -7.98 -4.60 -7.55 -0.66 -6.26 -3.88 -1.70 -0.78 9.23 -9.01 0.33 4.02 -2.20 8.35 -7.26 -2.45 -4.50 8.27 -0.75 -0.52 -1.62 -8.45 -7.33 -7.69 7.71 -8.06 5.84 -6.18 -5.22 5.80 5.61 3.14 9.20 9.28 2.13 8.99 7.76 1.97 2.44 -2.77 -9.66 -1.73 7.86 7.98 1.58 8.71 -1.81 -5.39 -6.08 0.40 -9.78 -0.13 9.68 3.60 -0.96 -3.62 -9.49 4.06 8.83 0.90 6.44 -7.23 -2.60 1.05 2.61 -3.94 -1.95 6.56 -4.58 6.33 -8.52 0.86 2.27 4.69 5.08 6.48 0.87 -8.48 5.97 3.67 -6.13 2.68 -1.36 -7.75 0.87 -9.05 -7.83 3.46
8.90 -1.91 -3.44 5.68 1.32 3.71 -3.86 -6.43 -3.32 -4.52 6.79 6.04 -1.87 5.04 -9.98 -8.03 9.98 -3.22 9.69 2.81 3.18 1.95 9.13 9.10 9.24 9.03 -4.76 -1.13 -4.15 2.01 -7.67 -6.82 7.57 7.10 2.07 -3.49 -8.52 8.01 -7.00 -4.21 -5.02 -0.50 0.88 3.60 6.21 -3.90 8.38 -5.66 -3.00 -1.20 4.29 -0.37 1.67 -8.83 0.79 -5.02 7.33 1.95 8.52 -0.58 -9.77 -8.43 0.34 -3.14 -0.05 -5.99 1.23 -2.82 1.29 5.41 8.76 7.98 -6.62 9.67 -2.69 2.50 -2.55 -0.25 0.55 -1.98 -1.52 -2.97 5.04 -7.27 -7.48 -6.74 -0.38 1.01 -5.62 1.69 8.81 5.31 -0.76 8.67 -4.99 1.65 -4.61 4.70 -9.54 1.21
-9.15 -0.75 8.64 -1.38 -1.44 2.61 2.17 -8.06 -9.96 -6.21 5.32 8.91 1.07 1.92 5.70 -9.54 -9.55 -7.91 4.97 -3.21 -4.50 9.63 2.55 -1.64 9.19 -1.37 -6.66 -2.07 1.06 3.00 -8.06 1.02 -1.55 4.48 -7.61 0.07 -9.28 4.19 -4.23 -8.98 6.30 0.73 9.53 6.17 -1.78 9.20 4.27 7.67 -9.36 -8.24 7.84 -1.36 -0.71 5.35 -5.78 5.98 0.19 9.01 -9.94 -5.87 -0.28 -6.32 -8.70 -3.13 -5.04 4.68 7.48 -2.52 -2.51 -3.02 -3.30 4.37 4.38 -8.07 5.33 6.36 -6.00 8.34 -3.62 -0.45 -2.41 -5.37 -6.78 -1.04 -6.39 -4.97 -0.58 2.98 6.92 9.15 -3.99 8.17 1.36 1.30 -8.77 -4.40 -7.13 -8.47 -5.95 -9.16
5.93 -3.38 -4.87 -7.02 -7.06 7.00 -8.14 7.19 -0.56 5.65 -7.38 8.77 1.35 2.61 1.67 -9.11 8.02 -8.40 0.15 -9.44 -8.40 -2.70 1.00 -4.75 3.48 -1.52 2.09 -8.97 2.53 5.69 -7.64 -8.59 -3.37 4.56 0.75 0.69 8.37 0.05 6.48 -2.64 7.33 -8.20 -6.43 -6.43 8.40 -6.28 -3.25 4.83 -3.20 -7.74 9.79 1.21 -0.95 -2.63 -9.72 -2.38 4.93 6.33 -8.04 -9.97 0.65 -4.58 6.73 -2.90 -8.72 -0.74 5.67 -7.31 9.63 8.03 8.41 -3.33 1.93 9.36 2.77 0.14 -1.57 8.84 0.55 -7.79 5.05 -4.06 4.27 8.78 -6.37 -6.75 2.36 -3.93 -3.39 4.95 4.00 -9.64 9.49 -7.50 -4.12 2.21 4.34 -8.42 -5.64 -4.56
6.61 9.36 -6.97 -9.14 5.57 1.33 1.06 3.10 -5.29 -3.83 -6.49 -1.53 -9.44 8.08 -2.01 -1.53 8.00 -3.16 9.98 8.61 0.60 6.22 2.33 1.65 8.59 -1.12 7.45 8.09 -1.22 -5.18 1.98 1.28 1.60 5.97 9.55 -4.30 0.32 -7.05 7.78 -5.46 4.13 1.65 9.28 2.33 1.40 -2.51 -1.68 -4.67 -6.93 -9.16 8.50 9.08 -2.33 -2.63 -7.35 -1.42 -1.59 -0.92 5.38 9.01 -7.21 7.54 -7.54 -8.61 3.18 7.12 2.02 -5.23 -2.06 -2.39 4.54 9.46 8.76 -3.60 -6.19 -6.95 -8.46 6.99 0.43 -6.62 9.88 -1.27 -6.94 5.10 6.11 -6.40 -8.58 5.37 -4.50 -7.67 3.71 0.42 5.31 -8.59 -2.67 4.35 -9.79 5.22 -4.34 -0.85
-4.04 -2.81 -6.90 -4.13 4.82 0.46 -7.87 -6.87 3.02 8.43 6.65 2.43 -5.57 -3.12 -1.85 4.40 -8.35 -4.66 1.48 -2.95 8.26 4.04 -4.08 -2.17 2.20 5.81 -9.00 6.08 -7.80 3.77 -9.43 6.87 -3.69 8.17 3.19 9.85 6.31 -2.15 1.57 1.80 1.62 0.25 -0.44 4.83 -4.95 -1.62 -1.84 4.95 -3.63 -8.70 8.99 8.85 0.60 -2.69 -8.85 -1.16 8.16 7.85 6.61 -2.44 -8.25 5.48 5.21 -2.16 -7.04 3.63 -0.96 2.27 -3.26 -0.63 -5.92 3.67 -5.15 -9.86 0.13 6.00 -0.66 5.22 8.73 4.14 -3.13 -2.05 -5.11 -5.89 -3.63 -2.87 -0.18 5.74 9.20 -6.09 6.45 9.80 -5.54 1.85 -2.25 -3.96 6.91 3.09 -9.76 -8.83
1.68 4.43 0.04 2.06 1.64 2.71 3.84 -2.68 -8.25 -7.07 -1.20 -8.49 9.10 -0.59 -4.00 4.49 8.96 -7.19 -8.52 -2.41 2.61 -5.01 -4.04 3.06 -3.65 -2.37 -6.58 -0.36 -4.23 4.52 9.37 -1.27 -9.29 4.04 5.54 6.56 4.90 -3.86 -9.47 -4.07 8.73 1.30 -3.15 -2.12 -1.51 2.59 -7.05 -3.48 8.53 -9.51 3.05 -6.01 -1.68 5.65 -8.54 -5.66 4.81 -0.74 -1.28 -8.02 6.29 7.39 5.76 -0.02 1.96 -5.35 -6.71 -8.13 -9.06 -5.15 1.12 -2.82 7.76 5.01 -6.27 0.81 -3.35 -6.44 0.44 2.64 9.91 6.04 -0.75 -0.15 -6.92 5.97 -3.39 3.86 -4.97 9.15 5.73 9.07 5.80 -5.22 8.77 2.30 -5.97 0.69 -3.99 -3.78
-5.78 4.13 -1.39 2.58 3.89 -0.95 0.41 8.53 0.82 5.28 8.29 4.08 -1.82 8.17 -0.93 4.38 2.39 -7.22 7.48 -8.67 -2.52 -3.54 -9.22 -4.43 4.76 6.01 7.14 1.81 -0.07 -3.63 -2.99 -8.46 -9.27 -6.50 7.37 9.17 -9.87 -2.60 -3.95 2.40 7.74 9.10 9.36 4.56 0.71 7.09 2.74 6.17 -1.35 5.68 -0.99 8.52 7.71 -0.41 -4.53 -7.57 4.70 8.89 -0.56 -4.57 3.72 -3.18 -8.66 -3.12 -9.58 -4.49 -1.73 -9.77 -7.77 -2.29 -5.38 -1.49 -8.09 -2.45 4.04 1.90 4.17 9.46 -7.22 -5.84 2.10 -6.39 -3.26 -0.31 -5.24 -1.03 -5.18 2.50 -2.66 -8.96 -9.89 5.24 -2.66 -2.49 3.69 -2.62 -1.29 -5.78 9.80 4.94
-5.33 9.25 9.37 8.06 -8.58 -3.67 3.84 -5.93 4.09 -9.32 -8.77 4.33 -9.46 -1.57 -7.26 1.95 2.86 -7.56 -0.61 8.85 -0.14 -9.97 9.40 -2.46 -6.65 7.75 -1.98 -8.08 0.82 -0.91 7.42 -7.70 4.66 -2.72 6.45 -6.36 3.86 -6.28 0.00 9.08 0.13 -1.39 -8.86 3.08 5.77 -5.62 -2.91 8.21 -1.75 -1.59 9.34 3.94 -9.97 1.38 -7.91 9.06 -6.95 8.38 4.98 -3.23 -8.72 0.76 -5.32 -3.00 9.52 -4.78 0.68 -0.72 -3.29 -9.10 9.97 -2.63 -9.96 3.42 7.61 -9.74 -6.35 -2.45 -0.85 -1.68 3.10 3.51 -3.89 -2.89 -6.41 2.75 -5.53 1.46 4.38 -9.18 -3.53 -6.30 -6.27 -8.29 6.47 4.75 -7.34 -7.33 6.63 -9.82
0.22 -1.18 3.45 -0.04 6.58 -6.72 5.20 -5.63 2.27 4.60 3.72 4.11 -8.62 -8.65 -6.10 1.51 -5.83 -0.74 -3.60 8.99 2.79 9.50 7.27 7.28 2.99 -8.98 -3.15 9.30 5.76 -8.98 9.03 -2.97 -9.86 -3.28 7.56 1.50 -8.43 2.06 7.02 6.69 -6.70 -8.16 9.41 -5.87 1.11 3.37 -6.80 0.22 -0.40 1.29 -2.77 5.24 5.18 6.44 -2.22 -1.72 -0.91 -5.53 4.97 -7.37 -6.42 6.44 -4.90 -4.41 8.61 -7.36 -5.90 -2.24 -8.16 6.84 6.86 -8.45 4.04 7.40 -2.54 -0.67 -7.35 -9.87 7.28 5.95 -1.66 -3.70 5.65 9.97 2.54 -1.12 3.66 2.74 1.26 -9.88 -3.79 -2.09 5.61 -8.35 -1.06 -3.07 -0.36 -9.55 -9.85 -4.18
8.43 2.41 7.64 -2.69 -6.53 -9.27 -2.30 1.12 -4.79 7.13 5.46 -1.55 -1.34 5.03 -9.09 -1.92 5.33 0.63 -7.21 -2.01 4.13 7.78 1.12 -4.69 0.20 -4.86 -9.81 -1.08 4.62 -9.56 3.37 2.55 2.39 0.95 9.24 8.46 -3.61 8.95 0.14 8.52 -8.20 -5.88 0.96 -4.18 9.37 -0.03 -3.87 -4.01 -3.31 -6.15 9.03 -9.29 1.00 -6.92 -7.28 5.29 3.50 2.29 7.07 7.62 -4.30 5.41 3.09 -3.40 -2.46 5.84 -6.52 7.33 0.31 -0.52 -3.53 8.88 -4.87 -3.71 3.58 3.71 8.52 3.82 1.02 -6.29 6.14 -1.03 0.75 -5.41 -1.65 -1.98 -5.37 7.44 -3.55 2.67 1.91 6.26 -0.43 5.07 -8.07 3.35 0.50 -2.93 -5.70 4.21
3.70 -7.49 -4.67 -6.23 0.90 5.97 8.10 4.45 1.85 5.90 3.31 -6.05 -2.83 -7.27 7.75 2.34 -6.50 -8.92 2.42 -3.81 -1.81 -5.08 -9.71 9.71 -8.91 0.38 4.55 1.87 2.02 4.08 2.29 7.93 -2.18 -4.76 -9.55 8.11 9.58 -8.79 3.52 -4.70 -4.58 -9.08 6.28 6.68 5.37 9.77 -0.63 -0.46 -4.67 -6.92 -2.17 -3.42 -4.22 2.14 -9.07 -7.95 8.97 0.69 -1.00 1.51 -0.78 -3.35 -1.24 -5.13 -8.93 2.07 6.74 -8.33 5.13 9.21 -4.39 9.83 0.33 -5.33 -5.58 2.00 -2.99 -5.02 -8.99 -4.71 -0.76 4.06 -6.21 -6.98 -7.31 1.52 0.44 -8.36 -7.56 0.76 7.43 7.10 -0.85 -0.25 0.57 9.82 -4.15 -7.49 9.19 0.43
1.63 9.38 -8.46 -7.59 6.82 5.85 -2.05 -8.36 -3.26 -6.50 -1.55 -8.63 -8.26 -5.15 0.49 -6.11 -6.87 -4.88 -3.94 -4.53 -6.22 8.84 8.58 2.28 7.88 -3.70 1.26 -8.08 -0.63 -8.78 -6.85 -9.85 -9.71 7.03 3.30 6.26 2.97 1.49 -7.12 7.08 -0.96 -7.31 -2.22 3.38 9.51 5.56 3.44 6.07 1.08 7.97 -1.62 4.04 -9.36 3.04 -4.83 0.99 -0.24 7.18 7.94 -2.20 6.67 5.97 -9.28 -3.58 8.06 -3.63 -4.60 -0.79 3.82 -8.81 8.64 2.40 4.04 -6.49 0.03 6.37 2.05 2.24 -3.91 8.83 -6.41 -2.97 -8.71 8.61 -4.86 -3.26 -3.57 -9.64 -2.64 8.90 -5.11 3.91 -0.36 -7.00 -3.93 -2.98 0.04 -4.34 4.82 9.56
-6.84 -8.75 2.97 -7.51 0.90 8.24 7.79 7.90 8.40 7.00 4.65 3.82 4.63 6.75 6.11 -0.92 -3.76 -9.71 9.04 -8.64 -9.30 -7.86 1.44 5.44 -9.14 -6.48 -9.85 -9.89 2.07 7.38 3.35 -6.76 0.19 3.40 0.22 -7.94 0.93 0.42 6.98 -4.46 -3.92 1.83 -0.11 3.49 -7.74 2.19 -1.19 4.76 -8.82 -9.68 -1.41 1.72 -7.69 2.26 4.64 -0.54 0.03 4.19 -8.59 0.98 -5.85 9.00 6.44 7.43 6.15 2.45 7.36 9.78 1.72 -5.64 6.69 8.30 5.86 -1.65 -8.60 0.62 2.26 7.96 -9.83 3.31 -2.89 -5.18 -7.45 -9.45 -2.89 9.55 -2.55 -7.47 -5.72 -5.06 -1.15 3.39 4.13 7.02 1.88 0.52 -9.70 8.18 2.46 0.48
6.49 0.16 -0.50 -1.34 9.28 -8.74 -9.77 -4.13 -7.70 -3.88 3.38 7.27 8.06 -0.49 -1.12 0.39 -6.23 -1.01 -2.09 -6.20 -9.76 -5.23 9.02 -2.14 0.94 -8.92 7.85 2.17 -4.04 9.73 8.60 -2.52 -4.60 6.87 7.73 -4.17 7.74 -6.58 -2.43 -0.53 4.51 -7.11 -1.50 1.86 -2.09 7.74 -4.99 1.58 -8.12 4.77 -8.69 7.64 4.16 8.08 5.79 -1.34 -5.43 6.84 6.04 5.93 -1.82 -4.28 1.53 -2.46 0.43 1.19 2.11 7.67 -4.74 4.31 4.76 -9.50 7.05 -2.68 5.44 5.31 -6.55 8.79 7.11 -4.96 8.25 7.01 8.41 -8.61 2.73 0.04 6.00 0.60 -5.79 6.17 2.08 2.97 -9.00 -6.57 3.31 0.94 4.06 7.89 2.11 -3.21
-0.81 -6.85 -2.22 -7.32 8.06 9.42 -0.04 -9.36 5.27 -1.19 8.69 3.75 -7.42 -9.76 2.54 9.19 -1.43 1.28 1.79 -0.52 -6.87 -5.94 9.51 6.19 -0.74 4.75 6.38 -2.59 3.24 -4.39 9.43 -9.35 9.95 1.24 -7.39 1.80 -8.31 -5.40 -8.82 9.54 1.48 -2.89 -7.32 -8.92 -9.00 -0.98 -1.17 6.17 4.57 8.22 -8.47 -3.70 4.63 -5.66 -5.43 -8.95 3.01 4.83 0.16 -6.75 3.53 7.06 6.29 7.82 1.93 -8.64 4.79 -4.06 4.46 2.63 7.03 9.83 -0.44 -9.50 7.60 7.80 9.55 -2.99 1.34 1.44 6.68 7.72 2.04 -7.75 -8.77 -4.22 -8.15 0.09 2.90 -2.09 9.98 6.07 -0.75 -2.68 -3.13 -0.48 -4.15 -8.40 4.39 -5.23
-4.31 5.53 8.39 -2.64 -1.85 8.84 3.60 6.54 5.38 3.65 -5.97 4.88 3.80 4.10 1.03 -4.24 -3.12 -5.32 0.03 -5.46 -0.95 6.66 -9.94 10.00 -2.45 -1.30 4.00 -4.71 2.02 -2.43 -8.78 -2.71 7.28 0.64 -4.87 9.91 -3.35 4.82 -2.54 -8.06 -8.84 -7.44 -4.19 -9.67 -6.87 -0.53 -8.70 7.30 9.46 8.18 -0.83 6.86 4.57 -4.58 2.19 6.87 9.89 -2.60 5.78 -2.04 3.16 6.57 -3.62 -9.97 -9.27 -5.60 0.15 5.02 6.05 -8.64 0.55 -4.99 -4.42 -1.99 9.19 -7.96 7.10 -3.69 5.70 -9.28 3.05 -1.17 -6.65 -7.74 -2.57 -8.60 0.05 -6.68 -8.68 -0.66 5.43 -9.12 2.04 2.13 0.11 -3.14 -0.90 3.32 -4.30 -3.93
6.07 -7.84 -4.40 -3.81 9.26 4.28 2.89 2.90 2.72 -8.36 3.42 -0.05 2.55 -6.14 4.71 -1.44 5.09 8.49 0.36 -8.98 8.34 -1.28 9.46 1.00 9.81 4.46 4.65 8.89 -9.58 5.90 -5.13 -8.09 0.41 0.29 2.15 4.71 1.34 5.05 -1.92 2.03 -8.39 1.79 3.03 -8.58 9.55 0.61 8.79 -1.54 1.24 4.39 -0.99 -5.69 -0.03 -4.29 2.11 -9.60 -9.31 6.75 4.23 -7.81 6.02 -3.12 9.54 -9.71 -5.80 -9.43 -4.16 9.97 -6.33 -5.56 -0.76 1.60 -6.05 4.61 -6.81 5.29 7.38 -7.39 -2.69 -5.15 -8.37 1.66 7.90 2.88 -4.51 -9.76 2.01 -4.27 -2.51 -3.54 3.29 -7.79 -3.36 3.56 -0.83 -6.43 9.35 -9.09 0.74 0.89
0.56 -9.99 6.34 -9.54 -9.94 3.78 -6.17 3.68 -0.49 3.91 0.84 8.58 0.43 -2.88 -9.14 -5.88 8.42 -1.49 2.41 5.65 4.57 -3.62 -3.84 -2.03 9.82 2.25 -9.38 -0.40 8.86 6.47 -7.22 -2.64 -9.71 -6.79 -9.37 4.33 -4.57 -5.11 5.56 1.90 2.59 -7.02 -1.65 -7.20 -6.47 -2.08 -3.52 6.54 7.45 1.99 -3.99 -9.61 1.98 -0.56 2.95 6.52 -2.98 -5.63 -5.18 9.88 -8.62 -0.34 7.79 7.39 6.37 -5.82 7.95 1.57 9.71 7.35 -0.04 3.07 -5.05 -0.06 -1.00 -3.90 -1.76 -6.62 -8.39 2.50 -6.79 -8.07 9.39 6.32 6.00 7.16 -7.53 8.05 9.41 -6.98 -6.81 8.11 -6.05 -2.22 6.33 0.84 5.59 6.85 -6.92 1.47
0.49 -7.29 -4.85 -3.27 -3.44 5.96 -5.83 -5.04 -6.25 -6.89 -6.99 3.03 -9.41 7.22 2.54 -1.68 -6.29 -4.06 -8.30 -4.03 -7.95 0.62 -6.07 -9.44 -7.87 -5.94 -2.60 2.11 -8.43 5.05 -7.58 -2.24 -8.88 -7.33 7.73 0.79 -1.01 8.52 9.16 0.18 -5.31 1.24 -1.16 -0.03 4.69 -8.79 -8.18 -3.24 -9.84 8.46 -7.67 -7.95 7.93 -3.60 -4.66 -2.20 -7.25 4.36 -6.92 -1.09 6.88 7.77 -9.40 -3.23 -5.43 -5.74 7.33 -5.01 8.22 -8.60 -8.92 -6.68 -9.48 -2.40 -1.28 -1.84 -4.45 -8.50 -8.07 -6.12 1.97 -0.33 5.10 -9.19 8.08 -9.38 4.87 -8.23 1.42 3.45 -3.41 6.61 -0.20 0.37 -2.10 9.63 9.43 8.57 -2.27 7.20
-7.90 -1.87 7.35 -2.45 -0.00 -6.68 4.03 -0.65 -9.84 2.10 -6.89 -8.80 -8.93 5.19 5.59 -9.51 2.64 -2.66 9.28 3.11 8.79 9.18 -3.62 0.38 -6.42 -5.96 8.81 -6.62 -8.70 -0.03 9.94 -3.84 6.57 8.59 5.64 -1.57 -7.09 5.53 -4.28 4.77 -4.56 2.43 3.18 -4.12 1.94 -5.14 2.16 5.64 8.72 -4.91 -0.97 -5.35 4.45 -5.54 -8.37 2.38 -5.40 -4.23 2.43 -8.17 -2.07 0.40 -3.66 0.91 -3.16 1.70 3.23 1.50 -1.04 7.58 6.62 0.70 -3.51 0.25 -3.09 2.55 -7.76 6.01 6.52 -7.67 2.59 -2.96 -8.15 9.20 -9.69 -5.12 0.52 4.86 -3.84 -7.86 0.82 -6.92 3.94 -8.46 8.22 2.25 9.70 -7.11 7.12 9.55
8.33 -9.65 -5.87 4.22 -4.96 4.51 9.67 9.69 4.29 -9.38 6.74 -1.11 -9.68 1.19 -2.89 8.19 -5.39 -5.57 9.67 2.49 -9.20 8.80 -8.70 4.44 -1.64 -2.71 -3.36 1.54 -1.35 -5.25 -6.55 6.75 -5.60 7.21 -1.75 -0.81 8.72 -6.62 -7.57 -0.61 9.49 9.76 3.30 3.72 1.75 5.26 7.38 -2.92 0.22 -2.36 2.36 2.74 0.53 -7.89 8.85 -3.29 -1.71 8.54 1.92 9.25 -1.72 -1.03 -6.09 -6.38 -4.96 -6.99 -0.62 0.96 3.48 6.11 10.00 0.13 -7.56 5.67 2.58 5.20 -0.29 -6.97 0.81 -9.24 9.16 -2.37 0.13 -4.49 -4.56 8.23 -6.43 -3.47 8.26 9.51 1.64 -2.91 8.73 -4.48 -8.12 -6.17 -8.17 3.24 6.39 0.93
5.21 9.49 1.06 -4.70 9.76 -3.41 -3.90 -8.69 -2.90 3.55 2.82 7.30 -5.59 -5.98 3.54 3.99 6.30 -8.71 9.01 -5.38 9.32 -8.58 8.48 8.19 5.08 7.31 -3.85 -7.77 8.33 4.46 -5.93 -7.79 -4.77 6.56 -8.84 7.02 -4.61 1.68 -1.43 5.58 8.39 -8.00 9.33 -2.29 -4.84 1.87 3.31 8.82 -4.98 3.28 -1.50 0.13 2.66 -9.18 -3.05 3.59 6.95 7.60 -2.92 2.27 6.76 -5.13 -9.17 2.86 3.23 -2.21 5.34 -2.72 5.41 -8.94 8.71 -0.78 1.37 -4.84 -6.47 7.46 -2.39 4.71 -2.75 -1.67 -3.97 -2.10 -9.37 -3.46 -2.42 2.46 6.23 9.33 -8.88 3.62 -4.97 4.46 -8.74 4.34 5.25 -5.97 9.62 7.18 -3.43 9.81
2.25 4.49 -3.63 9.85 -0.47 8.40 6.82 -3.27 1.29 1.56 2.53 -0.34 9.48 -6.62 -1.32 -9.75 -2.70 -2.02 -7.17 -0.79 -2.21 5.65 2.08 0.16 8.76 7.84 -0.20 -0.56 -4.89 -7.35 3.15 6.89 3.92 6.84 0.68 0.59 3.17 -3.87 2.24 -2.84 1.74 6.43 -3.43 1.54 -0.58 6.54 9.72 2.33 8.09 0.37 -6.99 -9.78 3.04 8.76 6.70 0.86 2.65 -0.67 -8.60 -6.66 0.64 -7.63 7.62 -2.82 9.09 5.10 -7.38 9.02 -7.28 -8.15 0.10 0.42 8.33 -3.84 -6.78 6.27 -1.47 -9.01 1.49 -1.71 5.34 0.02 -5.79 8.45 -2.46 -0.23 9.89 6.70 -4.43 -0.63 -4.63 9.23 8.28 3.01 1.65 3.44 9.77 -7.60 -0.95 8.20
2.09 -0.96 8.88 -9.83 -6.09 -2.06 -2.96 1.48 3.49 4.32 8.24 0.32 9.47 7.87 0.97 3.45 -5.88 -2.40 2.80 -8.17 -8.00 4.59 -3.57 -8.38 -7.06 4.77 -1.73 -1.24 7.78 2.58 3.97 -2.19 -1.05 -7.40 -9.36 -1.41 7.90 4.86 -0.15 -0.42 5.05 1.96 8.35 6.44 -7.09 6.90 2.28 -6.57 -3.04 -0.71 -7.48 -4.02 -0.03 -1.94 -0.94 -5.61 4.30 -6.65 6.13 8.67 -7.81 -8.03 4.09 1.78 7.38 -6.00 3.32 -9.15 -8.73 3.00 -5.21 5.73 2.79 -3.98 -7.84 3.47 -7.96 7.79 -5.36 3.96 9.83 6.09 2.75 -5.98 -0.57 -9.39 3.87 2.89 6.41 -5.37 -6.33 3.29 -2.80 -2.79 -8.00 5.90 6.48 -4.66 -9.45 9.93
-4.44 5.28 4.20 -8.79 4.97 -9.67 1.30 -9.45 2.11 -0.30 -7.17 6.95 -9.76 -5.20 -9.00 2.63 -8.99 -5.37 8.57 2.79 -2.43 -1.72 5.81 -6.52 4.28 -3.88 3.67 -9.63 -4.27 -1.16 1.66 -6.08 -7.70 3.18 -8.68 -9.05 -2.57 -2.46 -5.85 9.58 1.11 -4.24 5.40 -5.59 -9.29 -5.85 3.66 2.47 1.70 -2.05 9.01 -7.91 7.04 -1.84 -3.11 2.89 1.08 -6.14 -6.97 -10.00 6.17 -2.32 1.84 1.58 5.23 8.59 6.60 -7.11 8.28 4.35 7.72 -5.95 -8.28 -7.59 -5.65 4.16 -8.81 -1.94 2.64 -1.25 -4.64 -8.98 -1.96 9.02 1.02 -8.03 2.59 1.19 -9.22 -8.62 7.06 9.24 4.44 1.77 -2.83 0.98 9.28 4.02 -2.06 6.80
-8.23 1.96 -4.60 -3.07 -5.08 -6.38 -2.76 -9.92 9.74 4.88 -3.13 0.79 5.28 -0.44 -2.57 -3.27 5.69 9.54 -1.93 5.01 -1.03 6.79 -1.82 -7.66 -2.68 -7.81 7.35 4.13 1.81 4.64 -4.11 5.39 -2.11 -5.12 -0.22 7.73 2.54 -2.97 -6.79 -0.06 8.58 -4.86 4.90 -2.19 4.65 -9.90 1.04 -5.93 4.63 8.54 -8.66 -6.05 -3.33 -8.09 -1.03 6.23 -9.78 -4.05 3.00 4.89 -1.17 -6.23 -1.89 8.42 -6.62 2.72 2.27 2.62 -0.71 2.49 7.95 -6.86 9.60 -7.59 4.18 -9.86 -3.57 6.72 -6.52 -4.61 3.80 -4.27 0.89 3.51 -7.76 -3.16 -4.81 8.05 -5.86 0.95 6.62 -7.52 0.46 -7.99 2.98 -0.64 -5.63 2.47 8.00 -1.10
2.18 1.14 -0.32 2.38 -3.41 -9.27 7.74 -0.56 0.49 7.06 -6.88 -9.98 8.14 8.67 -2.72 0.77 8.45 2.76 -9.57 -1.57 -5.46 -8.19 -6.09 0.41 -7.79 -4.00 -6.27 4.67 3.06 8.07 0.61 -5.31 0.59 7.40 -3.56 -5.31 -8.45 5.01 3.38 5.53 -0.59 -2.47 8.23 -3.53 -7.10 0.98 -0.81 1.04 -9.07 1.23 9.16 -1.69 -9.93 -6.43 8.42 -6.78 3.29 -1.47 9.80 -9.38 3.25 -4.66 2.97 9.68 -3.44 -3.00 -5.84 3.49 3.84 -8.60 3.37 4.88 -7.48 -2.07 -8.80 -1.98 -2.51 -7.52 -4.04 6.76 8.23 9.60 5.12 -8.57 -4.72 7.57 -4.22 -9.77 -1.33 -9.35 4.25 8.78 2.06 -0.23 -9.40 -9.34 -5.79 8.90 1.05 2.52
6.67 7.88 7.85 -7.25 -2.80 1.71 -8.55 8.92 6.86 2.09 4.47 -4.60 2.78 8.48 -3.70 -3.88 -9.71 6.19 -6.10 9.06 -7.28 1.47 6.91 1.26 -0.73 -2.97 -1.95 9.33 1.48 2.16 6.56 9.59 2.57 6.50 -8.66 3.30 -0.25 -5.78 4.70 -6.76 -6.83 -8.03 -8.78 9.72 2.63 -2.15 -7.32 0.02 -4.91 -9.44 -6.02 -6.20 0.70 -6.15 -2.29 3.23 -5.54 -5.59 4.17 5.68 -3.69 6.32 0.31 1.37 7.42 2.91 3.68 -3.73 -0.92 -3.63 1.32 5.23 7.92 4.40 -7.96 -9.65 -0.85 9.87 8.63 -5.03 6.13 9.14 2.19 4.53 -5.81 -5.67 5.36 -4.85 4.80 5.67 6.59 -4.56 -7.88 -4.86 -7.35 9.42 4.89 -7.55 3.87 6.73
-5.08 1.64 -3.70 -0.22 6.26 0.58 4.92 8.37 2.79 -0.05 -2.92 2.07 -8.66 2.15 5.51 -5.20 2.53 1.34 6.56 7.83 3.83 -6.35 0.51 -9.16 5.90 -6.51 -0.69 -9.08 -9.06 4.24 3.12 -8.04 7.75 8.28 -2.11 2.96 9.40 -4.33 -0.18 2.98 -0.59 3.56 -1.19 -3.91 3.05 -7.09 4.26 1.36 9.47 -1.99 9.46 -5.50 -7.65 9.17 -4.57 -3.62 -8.74 8.92 7.99 4.60 -2.62 3.13 -4.54 5.54 -1.72 -5.57 -0.91 -0.23 1.18 6.88 6.64 -8.19 -5.30 -7.47 -3.33 9.56 1.33 2.04 7.29 -3.41 2.09 1.96 -9.37 -7.91 -2.47 7.87 8.49 5.43 3.68 -8.64 -8.58 9.34 -5.13 -6.53 -3.25 -4.41 -4.29 0.30 1.83 -5.87
7.18 -9.16 -8.58 -3.76 -9.67 0.13 -4.85 -1.65 9.29 -9.44 1.58 -9.92 8.70 -6.89 8.60 -7.26 2.30 -1.38 -8.85 -4.62 8.41 -7.86 -0.80 -7.01 -8.46 -5.24 1.20 -0.84 3.48 -4.60 -3.44 -1.82 3.93 5.46 -4.57 -2.48 7.20 -0.53 0.92 -9.08 2.09 -1.31 6.49 1.92 -2.07 -8.99 -7.21 3.21 -6.14 -8.99 8.68 0.04 9.20 1.07 0.27 -2.76 2.35 -3.67 2.34 4.34 9.73 3.68 1.58 0.81 7.68 4.41 3.07 5.24 -1.47 6.62 -8.81 2.86 -9.43 -1.84 6.14 -2.78 -4.59 5.29 5.86 9.84 9.49 2.43 6.82 0.59 6.94 -4.43 -5.40 1.03 -7.71 -8.58 -3.46 -7.43 -3.36 6.73 7.74 -8.37 5.60 -5.33 -7.70 -4.17
1.53 3.10 -4.24 -7.38 -2.48 -7.94 3.43 -5.98 -1.45 -6.75 3.52 -8.19 -5.72 -7.90 -5.80 0.37 0.74 0.97 -7.95 5.96 -2.93 -5.51 -4.96 -8.62 9.32 -6.71 6.90 -7.19 3.98 7.42 1.43 -0.14 5.77 -5.32 -5.93 -8.12 -8.70 8.68 5.21 7.83 4.52 1.55 -1.73 -3.93 -3.37 -3.04 4.88 -6.30 6.97 0.56 1.11 6.64 -9.01 -3.11 -8.49 0.10 6.53 -6.67 -1.74 8.40 -7.64 10.00 9.19 -9.86 6.89 -2.20 5.28 -5.33 0.68 -3.97 9.17 6.46 -3.63 -8.67 8.82 -5.26 0.19 -8.11 -1.61 9.21 7.98 7.87 3.18 -8.50 -2.93 2.66 9.66 -4.65 -1.38 -6.04 1.10 3.95 -5.48 -0.06 7.55 7.00 -4.66 -4.06 2.56 3.50
-1.15 -1.11 8.85 -8.63 7.30 -0.04 4.38 7.60 -7.11 -5.90 1.56 8.56 5.91 1.12 2.60 -6.00 -1.68 -2.79 -6.60 2.45 -6.64 3.08 -6.55 -6.03 -1.19 -4.66 7.41 -1.68 -3.55 3.53 -8.37 -3.64 8.63 -4.82 -8.83 6.76 -6.88 9.58 5.00 -4.58 -5.21 2.86 1.85 0.42 -9.92 -6.22 -5.04 -8.72 -6.63 8.62 -5.58 7.85 -6.12 -4.83 8.72 2.86 -0.02 -4.99 0.40 -6.30 6.68 8.23 -9.36 -6.79 -8.00 -6.20 -8.92 -0.75 -1.42 7.85 2.93 4.29 4.82 2.00 3.64 -0.99 0.24 7.39 -5.47 -9.20 6.74 -1.82 9.01 3.61 4.71 -3.89 2.16 -1.83 -4.09 -4.05 2.81 6.54 1.24 4.05 -2.78 -0.70 8.87 7.50 -2.03 8.08
1.02 -1.25 -4.77 1.37 9.34 -7.42 -5.77 -8.31 -0.13 -6.39 -7.12 -4.22 3.11 5.86 5.42 -7.97 -7.05 3.07 -8.75 -1.51 9.86 0.47 1.01 -1.61 -7.54 -8.14 -4.89 5.54 3.96 5.98 7.98 -9.32 -5.09 3.48 -7.43 3.85 7.08 4.85 -3.32 9.17 -8.27 9.20 -1.79 5.59 -1.19 -4.61 -3.01 -5.42 1.67 7.87 -7.71 -0.61 -2.81 -5.47 -6.31 0.24 8.07 8.04 1.67 9.54 -3.51 -4.06 -8.88 -0.44 -1.94 -1.83 -7.67 8.81 5.37 -2.99 1.19 6.72 -3.32 -1.15 -1.13 -1.56 -5.64 -0.71 1.80 5.45 -4.15 5.82 -2.47 -6.53 -3.99 1.71 4.18 -3.56 7.79 -5.15 -3.44 -7.15 -4.76 9.60 4.52 1.50 3.49 -1.52 4.43 4.51
-8.15 -8.90 3.38 -5.48 -6.29 6.65 6.85 -0.01 3.95 7.58 4.13 8.40 7.02 -5.25 -7.50 8.81 -9.63 8.88 -2.93 8.79 4.67 3.77 -3.19 -0.59 0.31 9.88 -8.61 8.36 -1.36 5.96 -9.20 -9.09 6.33 0.84 -6.19 0.60 -0.06 -0.89 8.41 -7.53 -0.09 -4.44 0.03 1.19 -7.79 -2.06 3.42 5.94 2.12 2.55 -0.53 -0.77 -2.52 -3.80 -4.86 -3.27 7.08 5.12 -8.88 7.47 7.93 -5.50 -4.45 -9.36 2.27 3.46 -3.15 8.55 6.43 -1.20 -1.39 -2.44 -4.36 -9.61 -4.37 -6.46 6.06 0.44 -3.13 1.76 0.81 9.97 6.02 0.13 5.94 -9.45 3.55 4.00 9.75 -7.43 3.34 -3.98 -9.65 5.10 6.98 2.82 3.27 0.16 -5.37 -5.80
-5.85 5.37 7.08 2.02 -2.41 -4.40 -6.83 0.00 6.26 -9.70 8.38 8.17 -5.16 6.89 -8.32 7.04 0.82 9.06 -9.93 -7.05 -0.30 2.74 9.86 8.67 -6.04 1.34 8.15 -7.43 -2.16 -8.66 0.94 7.65 6.27 -1.29 8.29 -8.39 -2.78 -8.79 0.47 -8.29 2.66 -7.28 -9.79 -8.15 -8.41 3.47 -8.46 8.65 5.49 -2.32 -4.67 -4.64 7.52 0.53 -2.69 5.08 -1.19 -9.24 -9.50 7.54 7.07 2.77 -2.15 9.77 -7.81 -7.76 1.20 -2.50 7.30 -1.73 -4.68 8.28 7.55 -4.44 -9.07 0.36 5.21 -8.04 -8.70 3.45 8.07 5.80 -4.82 -0.99 -8.90 7.79 -6.46 2.46 9.17 4.41 -9.10 5.74 0.65 5.94 -6.52 -5.31 6.35 3.76 -7.44 1.36
8.47 3.10 -7.17 6.52 7.72 4.60 2.80 8.19 -6.61 -2.56 8.16 -8.25 -7.03 3.73 -8.38 -6.12 7.58 8.29 -3.63 -6.43 -8.05 -1.79 -9.63 2.23 1.44 3.26 5.99 0.03 -3.50 9.82 -1.27 -8.41 9.56 0.22 6.01 4.85 -3.51 9.53 -1.30 -3.40 -7.57 -8.36 6.27 6.42 5.86 1.17 4.14 2.98 5.51 -8.86 -7.96 1.98 8.70 7.35 -5.39 -3.79 -1.38 3.85 -3.95 -4.87 -1.45 -8.94 -3.55 4.97 6.70 -8.39 -2.68 1.45 -7.48 9.29 3.85 -8.35 -4.55 1.75 4.30 -4.99 -1.29 -3.82 9.64 7.42 -2.58 6.96 8.18 6.79 9.55 -8.00 4.25 -7.01 -1.38 -3.85 -5.53 8.42 4.80 -5.87 -4.45 -6.05 -6.40 1.14 -1.02 6.18
-4.05 8.46 1.83 5.28 7.59 -3.28 2.48 -0.34 3.12 -3.86 -9.02 -7.69 5.40 6.46 -3.79 0.79 -9.51 -4.41 -8.37 -2.17 -2.56 -6.68 -5.23 7.61 -1.09 -3.15 -2.69 -4.21 7.22 -5.00 4.39 8.85 7.09 -8.21 -8.73 -9.77 4.13 -0.87 8.27 -2.56 -6.19 -5.36 -9.26 -6.35 2.84 -2.29 -7.96 -8.90 -6.75 9.40 6.45 -4.88 -7.85 -7.71 -0.86 -0.10 -3.51 -4.53 2.15 8.20 -7.66 3.38 -9.73 9.73 8.74 1.03 -4.57 2.97 9.32 8.39 9.38 -3.22 -3.86 4.49 4.64 -0.25 -2.97 9.21 -6.49 -6.41 -4.49 -3.61 -8.29 9.42 -2.38 5.33 6.97 9.95 -4.66 3.98 -0.73 9.68 -9.52 4.76 -9.89 7.82 -1.02 6.62 -9.95 -6.05
3.80 -9.07 -7.90 -0.77 -8.95 -0.51 -9.24 -4.76 -3.35 -5.33 -8.09 -2.53 3.14 7.79 -4.93 -2.65 1.60 6.07 3.85 1.76 -2.28 1.50 -9.45 2.98 2.11 0.83 8.66 -2.00 -8.69 4.64 2.75 1.96 3.61 -2.11 5.34 -4.67 3.80 1.40 -8.88 -4.67 8.88 -3.27 8.54 -5.74 2.57 -0.87 8.70 -5.47 -2.69 2.38 -5.49 4.28 7.03 -8.97 8.66 6.23 7.03 4.89 -8.87 -5.40 6.65 -7.36 -7.41 1.55 6.15 3.80 8.53 0.42 5.14 -8.01 -1.06 8.10 4.19 -2.08 1.34 0.35 6.19 2.78 -5.07 -4.13 -8.46 2.53 1.22 3.13 -6.42 -5.93 6.69 -4.35 2.30 3.20 -7.33 -7.79 6.06 -1.56 0.84 -2.13 3.99 8.18 -1.05 -5.27
9.10 0.44 8.23 4.25 4.74 -7.69 -6.77 -0.73 -9.99 -6.31 -8.58 1.76 4.70 4.65 -6.61 -1.15 -8.50 -1.93 -0.34 -1.25 -1.01 -1.94 -0.39 -4.76 -6.48 8.52 6.78 -6.57 9.71 8.07 1.00 5.25 9.70 -2.13 8.73 -1.90 0.63 5.40 -6.27 5.50 -6.92 -0.24 8.20 5.78 -2.44 -3.18 -9.32 -1.31 -1.44 -5.91 9.23 -3.07 -6.53 7.47 1.43 1.73 -8.69 1.67 -2.36 -6.53 -7.54 -5.38 2.32 -6.83 8.08 -2.13 -8.27 -2.08 -5.57 -8.89 -2.46 0.18 -4.01 -5.77 -8.34 -6.28 -0.00 8.61 6.79 -5.35 -4.25 9.60 1.21 0.56 -9.66 1.43 3.65 4.31 -1.45 3.98 -2.77 -6.17 8.43 -9.26 9.81 -1.85 -8.94 -3.13 -9.46 -3.80
-3.55 9.96 2.43 9.47 -3.52 -3.40 4.93 2.98 5.67 4.64 -9.26 -8.03 4.39 -6.35 2.81 1.78 -0.85 2.11 -5.92 4.57 -7.68 -7.55 -7.04 -6.09 4.87 4.14 5.17 1.92 9.92 7.26 1.03 4.24 7.64 -7.64 -9.95 9.90 2.58 -1.13 -4.36 -3.79 -2.72 -4.47 8.64 1.87 5.12 3.85 3.99 2.75 -0.47 0.77 -2.04 -0.04 -6.92 -8.13 8.92 -4.51 4.90 -0.12 -4.29 -7.04 6.01 3.59 -9.33 -6.83 4.75 -2.04 3.14 -7.17 -8.65 3.68 9.26 -2.76 9.89 -9.17 -7.21 -2.72 -4.68 6.44 -8.92 0.79 -2.15 6.67 4.08 -6.38 -4.74 -1.78 -2.52 -3.07 -0.89 1.49 4.50 -7.71 -8.98 -8.30 8.16 9.31 -9.08 -6.91 -4.50 -3.01
4.22 6.23 8.66 6.73 0.54 2.28 4.82 -4.04 0.93 6.70 -6.64 -2.07 3.20 -4.39 -3.68 7.97 0.78 4.85 7.82 4.92 0.90 -1.86 1.52 8.50 -3.44 5.03 -1.89 -3.26 0.13 7.32 2.38 5.65 0.34 8.87 -4.08 2.04 -3.49 -7.00 7.64 1.62 5.91 -4.54 1.32 0.63 -9.59 -2.55 -3.22 4.65 -0.14 -6.77 -4.26 -10.00 -4.90 -0.34 -0.68 -6.27 3.66 -2.16 -2.78 -6.82 -2.65 6.41 -7.75 9.41 3.40 -4.95 0.95 -7.60 -4.53 -0.64 6.82 -7.09 7.21 8.19 2.57 -3.21 3.81 6.65 -2.82 -6.63 3.60 -3.22 3.54 -3.78 -0.66 -1.24 -8.61 5.97 4.09 3.83 -5.52 -8.61 0.19 -2.99 1.21 -0.96 2.53 -2.00 -0.85 1.10
-8.82 -4.29 4.23 -3.79 -8.91 0.11 -6.38 5.01 -5.96 8.03 -4.90 9.34 -9.85 -3.74 1.63 6.79 -8.28 7.68 5.47 -4.12 6.14 1.68 0.72 1.80 -8.62 -5.22 -0.58 1.08 4.90 -5.17 -0.65 1.69 -7.51 -0.79 -4.39 1.32 2.71 0.87 -5.84 -2.23 -7.19 -2.61 -0.71 -6.43 5.98 -9.05 -6.27 9.43 -5.50 7.41 -0.31 6.12 -7.16 2.04 -3.72 4.21 6.10 1.78 -9.61 -6.36 -9.40 1.77 -3.04 -0.33 3.03 8.89 1.64 6.77 -3.25 -9.76 6.69 -2.46 -2.32 9.02 1.11 -9.67 6.13 5.43 -6.43 -8.09 8.19 -4.22 -5.38 9.40 2.31 7.96 3.95 -9.21 -2.47 5.22 7.36 -5.64 2.21 -3.09 -9.06 -0.77 -7.68 6.37 -3.09 -7.79
-8.82 -1.51 -2.23 8.02 -6.17 -1.08 -8.29 6.44 2.66 -2.16 0.40 -1.10 7.27 -0.84 -5.22 -1.48 -7.38 -2.98 7.41 6.00 -6.66 -4.88 1.09 -5.61 -1.33 1.22 8.21 3.41 -1.80 -7.85 -2.49 -7.31 -8.96 7.92 -2.06 -8.36 6.70 8.75 -2.16 -9.03 7.34 1.43 2.66 6.23 -7.85 -1.90 -9.48 -6.68 9.65 3.89 6.99 -8.01 -6.97 0.23 3.28 -3.93 -2.90 -3.22 7.49 9.63 1.79 0.43 -7.71 -9.93 -6.32 -7.01 -5.39 4.40 7.76 5.06 -6.31 -4.34 6.85 3.63 0.93 -2.21 -0.72 -8.97 1.29 -3.78 2.91 -6.85 8.42 2.12 6.58 -0.58 -6.81 5.08 -3.50 -5.90 -7.16 -6.74 -0.67 0.94 -0.65 -3.95 -9.55 -3.90 1.96 -6.85
-5.89 -5.60 9.82 2.99 -9.33 8.75 -1.80 1.66 -8.87 2.78 7.55 -5.68 -4.76 0.46 -8.35 -0.24 1.18 5.87 -6.07 -2.05 -4.61 3.67 7.36 -9.16 -0.10 -9.79 3.86 -2.08 6.28 1.22 -2.74 -3.01 8.59 -4.83 -8.43 -7.63 9.06 2.58 -2.03 7.10 6.63 9.32 -4.07 9.72 3.31 -8.81 7.47 7.15 -3.39 -0.55 2.81 -0.60 -9.95 9.08 -0.33 2.03 3.25 4.24 8.13 5.30 -6.06 -0.25 -0.56 -6.71 6.67 8.77 4.66 -3.80 -6.47 0.10 3.57 2.42 -9.99 3.67 -8.79 7.23 6.10 2.53 -2.55 5.92 0.75 4.31 7.42 -1.36 -5.11 -1.68 -1.85 -2.12 -2.81 -4.54 9.28 -8.94 5.54 -5.38 2.47 -8.00 -2.62 -9.54 5.20 -8.59
-4.60 -5.73 3.12 9.69 -8.99 2.38 -7.36 6.53 3.56 -3.55 0.92 6.32 0.40 -3.64 -1.09 -2.63 6.66 9.72 -9.82 2.69 3.53 -0.68 -9.45 2.45 -5.39 1.03 4.61 -0.37 -7.16 -7.95 -5.58 8.86 8.77 -4.52 -7.89 -0.48 -1.58 -9.22 3.80 5.39 -8.90 -2.54 -7.31 -3.47 -7.63 2.20 3.57 -3.58 -8.38 3.40 9.73 -1.73 -6.30 -1.80 5.72 4.89 2.28 -5.15 -3.04 3.70 -3.39 3.09 -1.09 -9.81 5.29 6.54 -5.69 8.26 -0.24 4.21 -0.27 -6.42 -5.22 -1.18 1.27 -0.58 -8.99 -6.21 -3.09 -8.73 -0.15 -2.23 8.37 -2.01 -4.06 -0.96 3.35 -2.37 3.58 8.73 6.77 -5.77 -1.89 8.16 -3.62 7.35 9.51 4.48 2.39 1.61
-4.51 1.86 -4.03 -8.36 -9.33 7.19 0.04 8.35 -2.26 -0.99 -4.17 -2.00 -3.34 -6.93 -8.87 4.03 -9.12 -1.01 -7.73 -4.21 -4.15 -4.02 8.89 7.14 -7.90 4.49 4.20 -3.33 6.00 -0.23 7.07 -6.85 9.02 -5.53 -3.01 9.82 -2.88 6.06 -2.40 -5.12 -8.22 4.44 -3.62 0.90 -0.33 -2.80 -4.30 -1.86 -7.95 9.01 3.72 5.93 -8.75 3.82 8.44 5.76 -9.63 0.43 -5.49 4.33 -6.34 -3.09 6.02 9.37 4.09 4.39 -9.73 -3.90 -4.58 9.71 4.65 -1.71 6.73 -3.05 -3.44 5.95 -0.86 -9.71 -8.15 -4.81 0.27 -5.78 8.51 -4.23 -9.49 3.26 9.85 6.83 -2.59 1.43 -5.23 -1.99 4.15 4.59 -1.61 -0.33 -0.66 5.34 5.68 5.49
